wavelength flux
11490.884499862954 333.8310645239286
11492.204444685869 292.17505322667347
11493.505861987736 291.85384674583753
11494.801162128248 317.4998073319895
11496.103226375331 324.89438056311656
11497.411335846136 315.3742364853369
11498.709750723921 320.57565829155277
11500.017642404002 288.25310395479704
11501.327689765298 358.98697106047535
11502.637030062602 332.826197240708
11503.958504669938 320.2952735548434
11505.270258674409 312.58025707505203
11506.5797683633 314.73011741253833
11507.889937511887 293.5458949064836
11509.198901938664 315.6326179973451
11510.50672109597 329.73559774841647
11511.814805885786 329.13467206055594
11513.124476735115 332.7701132187472
11514.434793852866 328.9933903429379
11515.745694490526 274.31878419659995
11517.056898534593 323.0751079583429
11518.367363891712 327.4809800079564
11519.67187888924 319.23710051496226
11520.982184756293 320.2310681419241
11522.293446883918 332.32394511389816
11523.604245172695 328.7926667591148
11524.915426124799 291.9013219685502
11526.206772616464 284.57301882147976
11527.525519600653 353.9116834910441
11528.83664981027 382.51568318133474
11530.147180937156 359.467532462737
11531.44901673779 331.18655199105643
11532.764902415418 311.01112074688166
11534.076285785399 317.3208318522041
11535.38252490415 314.3397306437731
11536.689823040846 325.4886530899796
11538.002348087737 335.71732641869426
11539.30776284814 327.5428451384635
11540.617502868376 363.9264660357588
11541.927083837007 315.92434450931245
11543.235833987846 320.3999598263023
11544.54322922817 331.657036103622
11545.852256998269 339.9675335537985
11547.164268504233 336.24911986283104
11548.47322638867 344.9517477620425
11549.780182338045 347.0107048695922
11551.091726577677 336.61233819980316
11552.398298788688 323.54410571612783
11553.705725262114 312.7591666472659
11555.01541320037 310.6227632367774
11556.322296677967 319.4116827845274
11557.629031502856 321.31360207474796
11558.940920820358 322.3460579273096
11560.23918972744 331.8092233106612
11561.547102807239 331.02772197967545
11562.815139739534 324.6093816947792
11564.13260551221 324.9443892722332
11565.440862014375 303.0618121261703
11566.776609185385 325.97106123054726
11567.93200059844 307.96544977113854
11568.75732161108 312.72553345969504
11570.065260930138 329.15070565999656
11571.373277483262 316.2149768669203
11572.682483389357 284.68219131734156
11573.990125846536 310.7477756289685
11575.297749792064 334.7740110088985
11576.606572963177 321.4710689465714
11577.913196557749 312.71511094716624
11579.221783571762 326.57174247607173
11580.52977220152 372.89796908453974
11581.83067177725 346.38540460282013
11583.1271958963 316.5162184818597
11584.436602677826 330.25575388501863
11585.753143968228 320.9589040926913
11587.070683916405 321.6173984010816
11588.378677806973 344.94690824792417
11589.683143876418 314.144582723218
11590.994708560154 310.1607442899672
11592.303382116312 316.53694425155163
11593.609282131974 329.5388194815466
11594.916155744497 355.20818624341564
11596.22359417119 329.5246036526618
11597.53052969515 344.46722644426484
11598.839142397255 332.1493168753016
11600.146876005536 334.72816362131914
11601.45341963022 338.3122531692381
11602.760504409076 325.1008257644121
11604.067176985343 312.5466936617155
11605.37198945035 348.8364349713394
11606.679840312705 336.4209316541875
11607.987164752516 313.14662459536555
11609.296631728632 312.7296996349491
11610.60449655017 321.742994139601
11611.911910187682 321.3460407928808
11613.21869113286 315.9023748379132
11614.525240377097 316.42852416940747
11615.833130753097 318.2954310940964
11617.141306524858 321.29132672034433
11618.4485422055 327.6208273952508
11619.75518391989 341.004271607992
11621.0619346443 330.6302301396964
11622.366308656085 321.459417502135
11623.668191700148 326.7422840430829
11624.97959205109 344.9927435769025
11626.287408295013 330.5763818469573
11627.595833761276 330.5044943283196
11628.903501028382 303.2991443722335
11630.20992960681 313.5306852788963
11631.516131617402 324.9385816065056
11632.8229255717 308.4977752183579
11634.130954042006 313.7853145661882
11635.43742070747 311.3519074547931
11636.74657491137 296.97723443255927
11638.043642741257 316.22024807663604
11639.314110845087 320.7795830700204
11640.594008171618 326.5694252899301
11641.927555455062 320.02150070316753
11643.247030646971 331.0581611771002
11644.529758507908 321.3667290368699
11645.835230425188 332.75643692074374
11647.142069599822 349.59216918749644
11648.476832010378 337.85743583477534
11649.2747770777 319.26343417696944
11650.4584379499 302.17233617317066
11651.764084833128 313.4630174593184
11653.072855041286 321.4651774198466
11654.374722120869 303.75772542826604
11655.68195326204 321.50486923761514
11656.990093040333 309.5241828209935
11658.293513738774 310.6802098695402
11659.599501498276 310.97112320104515
11660.90327865486 321.99884330108233
11662.21280851797 318.62045922666164
11663.516444258023 318.63149143509077
11664.823157755856 321.0388805538346
11666.129512195816 312.35408694903896
11667.435147704533 310.6121054031034
11668.742025174763 321.48861429268374
11670.04759240022 311.6803951240664
11671.354738066568 326.24455680795364
11672.660105860832 324.9540401977248
11673.96518656008 324.8690165298467
11675.272657105974 315.62019459859033
11676.57885793739 316.10371950864794
11677.883435616865 320.93082766580665
11679.190207511165 336.8756919403499
11680.49757518296 327.9294368289048
11681.803072154311 315.2255542893557
11683.106870682801 316.66880057154066
11684.411808183433 318.79737962532715
11685.71768424239 321.21420244516804
11687.02334085086 321.6504990432334
11688.328496116705 314.83406146814514
11689.633226871267 313.9313618325687
11690.942308736096 311.9851816148345
11692.246815173547 313.880148863479
11693.549605085733 324.7387174643218
11694.858040169689 343.4783389254533
11696.163205757171 338.29389674979006
11697.470774497435 330.22475689205237
11698.772804871398 318.6900231348911
11700.07969678371 323.95672774588013
11701.385369138108 327.6004918251031
11702.692072085569 330.3534492435661
11703.996018389793 332.4232862197811
11705.301542802174 320.46155463486815
11706.60462470962 318.99907315346485
11707.913669384625 311.42061761023723
11709.217480591848 317.284960777359
11710.521916896116 323.6932310939666
11711.822199882114 337.302468451295
11713.129768343299 322.0244375717562
11714.436539490789 306.4298518881096
11715.744611167062 307.6727360351378
11717.046386498834 316.70963197675155
11718.3531763301 312.7013161411935
11719.657795682335 320.071913636891
11720.964606985275 328.88566061451706
11722.268079167361 313.3280161375728
11723.572974526327 312.1407983580027
11724.874639636146 319.978215125738
11726.179844860586 320.94000089792024
11727.48781511212 303.4132900710374
11728.791433722246 313.38998186191054
11730.095962008072 314.63591220058686
11731.400333723752 308.45939209897125
11732.705545393874 305.439931714252
11734.010647945746 321.72989947309264
11735.316713261818 312.7424196225679
11736.621565009838 314.39755833791776
11737.927261989826 316.47074659775467
11739.22965239351 300.93573909045404
11740.529933140626 308.50404478562626
11741.835726203592 315.1037117666054
11743.141696193745 325.5242713316867
11744.446842155945 326.4332740009871
11745.748225739711 322.80415179594013
11747.057464952852 316.29973883907
11748.363014196311 327.02805936850075
11749.665834467449 325.1697809817207
11750.968145959132 324.1606570521043
11752.27043273139 317.39442945367057
11753.562004560361 314.4148180862084
11754.86823998856 328.4492057921779
11756.169564931724 322.2959426459694
11757.490918657248 321.74525264635963
11758.7991817445 341.1836304511126
11760.103004238814 335.7000689263889
11761.405349605267 322.64993349576224
11762.709523070764 322.58061472630453
11764.012816772492 305.9328114964125
11765.316372185518 307.40067155456654
11766.62086492475 316.03710560307746
11767.925874315562 317.54752095772494
11769.232919132312 325.8412238937319
11770.533789179544 327.81290860414407
11771.839783446438 329.9071593861369
11773.144357518639 314.95808224982454
11774.447551392861 309.8537339057506
11775.751870959288 320.3856607498862
11777.052141051288 323.2483772331499
11778.356423975321 332.92595424264067
11779.662097606246 323.78859676054094
11780.969680512844 321.23314147089496
11782.272988674844 324.6513685737728
11783.5735829487 328.1398135951579
11784.878105363174 335.0729410721006
11786.182837522647 310.92487069304184
11787.484361153185 298.16098720855496
11788.788979511808 320.57583273183724
11790.091022664652 322.4484665952963
11791.397410606984 324.9786963147217
11792.700533898655 319.62691477540056
11794.00690769815 320.7720824004165
11795.309227624748 328.09811588674734
11796.610487904327 326.36816770329784
11797.913588554695 316.6285511070509
11799.238468650416 311.3402456779343
11800.541394152015 308.69254867101347
11801.85681016102 302.59961322384925
11803.132826750709 317.5114983111179
11804.435066000075 332.87755835629395
11805.735379503756 320.4656868965649
11807.03972686755 319.1304527368079
11808.344548308964 323.9475721897648
11809.647259245618 327.89886707200725
11810.949603548006 335.6953317785487
11812.253624886413 332.91917083096973
11813.556592130743 349.524096867283
11814.862224305194 347.3510318082086
11816.16453123252 348.35557183034956
11817.467518041753 330.3660722810867
11818.770007136509 333.2352593982638
11820.07532516238 339.9979138647112
11821.376211360326 342.69253537617186
11822.678961392705 345.1090731427925
11823.983254913284 353.5403017327833
11825.284712470233 345.23946361451215
11826.585035955028 347.6800004482431
11827.894141471266 341.8757138269789
11829.1949987883 343.5716198939456
11830.49993419628 362.3506920039335
11831.802398145237 358.29342537273703
11833.1037967327 349.28025381038486
11834.407984401794 344.8239903741977
11835.710696084234 346.4836662930627
11837.014082015112 339.4198635038738
11838.318806842073 341.62662214955816
11839.620322597093 359.97380389722304
11840.926233107088 378.4314691427996
11842.226275435994 352.8008234523024
11843.529918234979 338.0044455582766
11844.834672198152 330.95589981010085
11846.128840646481 324.97459410868225
11847.427717962488 319.4030007238438
11848.730683990583 321.4623335117967
11850.041928479053 326.5094971265457
11851.344098346677 334.7113890550218
11852.647345246187 322.17202010913843
11853.953286819327 309.3852676566799
11855.254525098195 302.8460117073513
11856.557764233083 304.44861458732277
11857.867212371239 318.08247338594094
11859.170122456453 313.3415382412963
11860.474925430068 300.6514395922108
11861.76910272601 301.28311543713426
11863.071580555723 303.9701217757732
11864.373032472926 312.3650852879258
11865.673178604242 320.31479523759106
11866.97824900954 316.0033000741663
11868.282493861021 319.502885480201
11869.583352608255 337.41917574452543
11870.869924658606 336.9653796901513
11872.17243064273 319.417288025154
11873.47639164442 314.7318532884571
11874.7963480903 317.87671032996894
11876.095330551736 300.25787706385177
11877.430194405084 310.92020705808756
11878.734593840201 323.6458799005141
11880.037669747206 322.08911059284844
11881.337466855182 319.00304737176043
11882.640744884458 318.2401497524439
11883.91147068004 323.2864718626188
11885.212846142227 319.74991780558594
11886.515308167682 316.5854041592684
11887.816259820811 320.7587401126963
11889.11937673733 318.6369401945891
11890.422225836692 313.6900337961251
11891.723225793905 324.9041782665815
11893.02351401861 336.0513763497809
11894.328924924981 331.0643911037765
11895.630970817692 344.80163014120535
11896.934359450293 346.1865645230901
11898.23579830785 340.0883717907964
11899.53967073273 318.09238503471346
11900.838711951223 308.7450645259043
11902.141357253578 298.4048668398308
11903.443765096164 285.41190658918316
11904.746874228718 291.74382967553265
11906.047365185897 315.5220697988153
11907.34961135752 304.4733388884416
11908.651982542364 300.9048633370213
11909.950692411405 297.0485239159714
11911.246576182939 307.83136644294325
11912.550072134258 312.49830871519
11913.85683894478 319.8766042144821
11915.155733317783 303.45069685531377
11916.458586537012 298.83259809887613
11917.76632326326 303.2268395197166
11919.067174932125 298.1296963256454
11920.370718119824 295.25688510704026
11921.672296071201 303.4468519565452
11922.972306135818 299.8887887395875
11924.27452453254 296.36300044524626
11925.577119051342 293.04569574631205
11926.879569668794 299.183619708547
11928.179043920543 298.545565964717
11929.480474738548 297.3996875446931
11930.782859579387 301.2128333606181
11932.086403350053 301.7881255359149
11933.385972618269 304.8419576441818
11934.687611848009 313.7786730504023
11935.990042846795 313.39943362496166
11937.290509124403 307.6990019771838
11938.594258680914 306.97443238716136
11939.894106865404 303.50007456607926
11941.195216784254 310.0635379226993
11942.502596552022 317.0724991679972
11943.805834531482 308.56589359970036
11945.10164380305 304.3250665215083
11946.404147650455 303.0535696239093
11947.704385725074 301.2008705967072
11949.005557853112 305.71494807267186
11950.305311759434 308.7054262844438
11951.609636470946 308.5288028245995
11952.909674294617 309.44266026589986
11954.211445685682 306.7877073709411
11955.512447305675 312.34701023536417
11956.81588663606 316.0615461431827
11958.116271008092 320.4983212640814
11959.400575414013 328.6090812382456
11960.702141965723 330.3146390618154
11962.000425356637 330.06987935788254
11963.299501440952 325.0969357157132
11964.623104410695 332.31474775581626
11965.924577128715 337.771547250695
11967.225205734729 332.9223294970441
11968.52497664441 340.8867729197627
11969.82737687536 353.7394236820295
11971.127735227246 353.3147884465341
11972.430259320523 350.3008195397865
11973.730748087552 344.90377444146424
11975.034060938231 346.51191758547816
11976.333213918842 343.98887087640236
11977.636079551465 350.3663303073783
11978.933570504802 348.73199154454517
11980.190060324632 344.4007546409642
11981.516280887598 341.8798451063628
11982.819041746014 340.37844068921993
11984.034394888375 349.2538451975441
11985.335640354842 370.7247732793096
11986.635853193755 357.7144646411851
11987.97516702363 335.48908683777955
11989.27173294349 321.74902272473713
11990.571539913559 319.63732005931917
11991.896680410684 312.5142630718188
11993.199569843902 330.0321781749046
11994.573118359396 344.01594014277674
11995.912505038463 331.2004393192179
11997.201201545175 342.2339145149621
11998.464664544948 342.99140394180836
11999.75412547982 324.98313865907693
12001.053657935568 307.025324491208
12002.35482559799 303.68666771489706
12003.658703247513 331.8633096427032
12004.963488727983 331.4821645759522
12006.267371761904 295.8711406716875
12007.562552353333 285.41472562257167
12008.858228566509 310.1190375640221
12010.152907950185 319.4577204324359
12011.44857295638 328.34717096666907
12012.760011013625 326.3606639235749
12014.06226311643 333.13987043539186
12015.387519632146 356.4930936121498
12016.688317034157 356.2588023028218
12017.962825361174 351.44764717621837
12019.26270182079 350.5599430019847
12020.5647200658 343.97491215651684
12021.86618250689 341.26574074055463
12023.167408358975 335.8191665221612
12024.468021658762 332.44751182688356
12025.76468616966 330.8737673095891
12027.05299521203 334.26815515222296
12028.353960765153 328.02015421110957
12029.653386706132 333.9235316086711
12030.954880558338 344.40434005114963
12032.270857032665 326.97343579954116
12033.572634426237 333.58452454174585
12034.87607253662 343.3155670416436
12036.158822918247 333.5607566838923
12037.451591482737 321.7607103430336
12038.750380414416 333.08072381585396
12040.049798330288 362.90630057606506
12041.353012564314 353.641988777012
12042.655112710117 349.85375622742583
12043.976284191505 365.71061056225386
12045.277533871222 357.95468677926533
12046.576018053627 330.4299463353379
12047.87788518499 312.80405991916007
12049.17831112167 306.2638811249073
12050.476326656242 312.0333167207743
12051.775830611456 306.312482985355
12053.02355401684 307.0858551080426
12054.323315901514 309.80792157376845
12055.622604721175 296.3239377134496
12056.92353386441 288.2717769705587
12058.235671841305 280.9019576595782
12059.58164516913 282.86289513332923
12060.881352050894 294.3636563390698
12062.180713713933 305.61907764388155
12063.482728235982 297.70811832535315
12064.781897366063 295.6209729241706
12066.083002537023 318.2480991036512
12067.38309332174 322.1486980349292
12068.68164759552 321.31211775405666
12069.983481354348 318.35960624619815
12071.282134124724 319.8464919671577
12072.582054645127 322.4371062944467
12073.883685499173 310.2827725125462
12075.183411721498 310.2209935392126
12076.48411828439 322.747477514888
12077.785353167357 310.9043874559509
12079.086746566947 306.2768395750429
12080.384368722347 302.377383636263
12081.684159391034 300.26541711130784
12082.984626053092 304.0301474620404
12084.283672196487 308.69214968206654
12085.584923392196 310.0304188358533
12086.884261478635 309.27526971153884
12088.184222644522 320.78757928716215
12089.484271010364 330.7956679995967
12090.785314550278 319.8765799894293
12092.085125016763 318.20193769447843
12093.384550425111 319.1602134607314
12094.685303731534 322.7206420423584
12095.987203053943 338.0632000720164
12097.285039288156 324.1320614028851
12098.585468909338 310.36896148544304
12099.887480302063 314.62331687028905
12101.186456061103 314.70028323269645
12102.486033398276 310.87981485083293
12103.78633177996 316.1399454030228
12105.08420970316 310.5515810662182
12106.3850365692 309.78467749886937
12107.684622767365 314.8711016164314
12108.982426112772 318.0115293823002
12110.284016655349 318.66510271972857
12111.587185188348 317.714332188832
12112.885565483604 309.24339670095736
12114.18612931593 316.51155614825376
12115.48775424973 332.0846895589843
12116.788063368222 319.3060822564252
12118.083748427072 305.22414805794045
12119.382923147903 308.7880994683254
12120.683317880359 284.35714844816783
12121.981628160396 282.2081412787305
12123.282005945948 315.4980675046217
12124.598762510688 298.63014590367857
12125.905154214268 308.0168482143302
12127.223886745405 321.748631958687
12128.538104121475 307.65675674899614
12129.855941784908 300.3193539443394
12131.133215304233 313.3478328127327
12132.432597267672 299.3887340873157
12133.712797879469 286.10412184707343
12135.003811551016 300.468854780273
12136.280852884318 312.7876025042149
12137.578356721364 298.91684730378057
12138.880622395402 299.2780803518771
12140.179508445082 301.3471406099242
12141.47799781652 294.36669455311323
12142.779045082496 296.1110092650087
12144.078243572018 298.03917619159205
12145.376523470462 302.4415194061237
12146.67757229552 337.3523780289366
12147.975553098564 336.43352110858854
12149.276495433549 309.3980804549916
12150.576424775363 300.8358458074531
12151.875072961646 303.08182106751553
12153.157680504532 307.31288283196466
12154.444075805173 289.6152796063797
12155.744229532851 304.7550792972818
12157.042787459246 304.5798730404369
12158.357608559538 290.84414327501
12159.646053718916 298.996204314194
12160.972518020864 301.04750141909744
12162.271583807797 297.9142456378473
12163.570389859195 289.775058174931
12164.86700515307 295.77556414765064
12166.172119048506 307.3196587108194
12167.463865752281 301.04099716988094
12168.761844755927 289.33500445497936
12170.061850836772 297.58350941542244
12171.367649657112 302.65354350622295
12172.666548174846 294.08495847263623
12173.969711498912 294.72911689126175
12175.267809989351 292.2088853782571
12176.567439594248 295.25090735339114
12177.865839217906 297.21363337929523
12179.165307291385 285.10243648070116
12180.463654903251 291.1578069251269
12181.764226520196 298.95044148620576
12183.06455439545 294.14201811042597
12184.361340103433 288.72046815039994
12185.66121066929 291.80877357099286
12186.959152971538 288.21160853946105
12188.26189228932 287.0168798620088
12189.560447713158 293.8921156143161
12190.859698496299 290.00831002038547
12192.159471887499 292.69704849324535
12193.457697683705 285.7597254387476
12195.168187406756 280.98683921243526
12196.137030842907 298.4485704986142
12197.383183815284 306.8736997426982
12198.704429719663 299.164187006226
12200.022221239407 303.2317735007796
12201.322238841767 303.50359141437133
12202.63545280029 288.387626830686
12203.90786669684 289.4710505115062
12205.579651412447 289.9932153868079
12207.108695727 288.33106850929704
12208.406640569636 295.43566314984906
12209.68877573162 276.1518172205953
12210.965042992379 298.2291947705961
12212.270793956966 282.39160938947185
12213.598748225271 295.27934114238127
12214.902069973878 283.084288879117
12216.202449635519 274.2330085138024
12217.502198386479 293.3871054458245
12218.800068177776 277.776520117221
12220.100017930077 294.6767398495689
12221.400940932388 295.36465323431753
12222.699958280107 291.6014701927251
12223.998245679419 281.16113817897747
12225.297211631974 298.967739722881
12226.591750784995 293.9690405526637
12227.892696167208 319.0658705334774
12229.194877207892 299.14762515120105
12230.49324134968 284.3481417361629
12231.791453968424 278.93209853452095
12233.090042722677 294.6167410917415
12234.390462170577 278.1803941272014
12235.688418447638 277.71629427828645
12236.988465952061 287.4031740533564
12238.287144739154 277.06406628799584
12239.587555929551 285.65929249395344
12240.8861607169 288.9078102307812
12242.185266224304 293.06143504525824
12243.485383983996 281.7601649344036
12244.784096102714 283.3151550368659
12246.082210474815 274.43401646077444
12247.38087709446 281.4759973942843
12248.680914743885 291.96716179392786
12249.980435700232 298.8240556846797
12251.276741898377 289.72676085009863
12252.574644515642 303.32302927288475
12253.877057846348 293.4674024610983
12255.17390970973 307.99490130210074
12256.474819171288 297.69721444798324
12257.773483595403 305.17648544886356
12259.072830240724 308.0086337576185
12260.371785249195 306.1716271630789
12261.668262556364 301.8103786526793
12263.20931303773 289.37794300861583
12264.90950195934 289.2893838891861
12266.207748867386 285.96381508032067
12267.506111971685 291.4633525286777
12268.80700210879 300.84558707165826
12270.105599641518 300.0235145633033
12271.405132682208 291.24973147503425
12272.703340755428 286.1335419698142
12274.001486913163 298.0669641306001
12275.300059172678 299.7696084681416
12276.599800967235 293.8591955597681
12277.897779800336 296.54894872771865
12279.197423445778 301.1857396147659
12280.49589320184 301.987718237073
12281.793326896677 306.27279781721467
12283.089089289953 308.3255503918052
12284.390634922078 316.9947522431385
12285.688357486326 304.33728256461404
12286.990920685826 292.33052585446103
12288.288248245643 298.50581659049504
12289.586336392234 293.49987452861825
12290.887711960491 290.97980163392
12292.185305008032 291.30479365567845
12293.484117615653 287.0164594841829
12294.782136281146 288.31338916802287
12296.073701454594 288.99585297992434
12297.365118163454 285.1938290236816
12298.643480355937 286.14311034139763
12299.921027987966 287.5389398724319
12301.219502638656 289.5721271548685
12302.539073711008 294.30449244213577
12303.869507510304 295.03245231130967
12305.172767902972 290.3881776106233
12306.470935589583 282.9226865710218
12307.771214803659 279.5628345446595
12309.069001895024 291.42483983565745
12310.36899940657 290.9999421704191
12311.667007541559 286.8089311893768
12312.96559734611 294.6989303863187
12314.264558012974 292.0235281193275
12315.561708737394 281.7059252743425
12316.860375777023 281.4173661599198
12318.159796390837 280.19450542217174
12319.458535072128 279.1934151387743
12320.759338655276 287.7232877245276
12322.05548461799 280.8693695787263
12323.355759985312 266.5800489879866
12324.654089137975 292.13086362299117
12325.953095835832 297.06138090000724
12327.251685359022 284.4313563994021
12328.551049122441 290.79624846781377
12329.849791734528 284.6766924970131
12331.14944849722 285.75667411182013
12332.44598892104 278.11237634719714
12333.757647914299 279.6480379716474
12335.057079787877 282.9972448251068
12336.354362746548 286.2895341816031
12337.657915367692 292.09691801946644
12338.958407123777 291.94196166925747
12340.253444275299 286.2670395217098
12341.535876891721 283.55325328498674
12342.836048504854 287.66207460283647
12344.134106110216 287.61094528665393
12345.433876544854 281.7825105633537
12346.730367969307 280.13173439984644
12348.030515850814 294.1033257018829
12349.328092313574 282.1575732485594
12350.629501126425 267.32000605504993
12351.928773934242 278.2505990402307
12353.225752068229 284.26674302124934
12354.522057848451 287.5964196447981
12355.822498885218 283.0988223330502
12357.119715897168 293.56204329428726
12358.421099308045 298.64951274526925
12359.719603587248 284.6761473291707
12361.016879199371 284.7098275957627
12362.315582914722 285.9039475079984
12363.613092131221 274.5533439734018
12364.914791001802 270.7206479716353
12366.211239346561 278.14567837902035
12367.511126616066 295.39977601048656
12368.808011403535 298.0388665385718
12370.106045863933 288.7080068112658
12371.406290617215 284.51515771542813
12372.704900891993 273.1827791979111
12374.00254087125 294.1911116473619
12375.300543514133 288.9178079909352
12376.5991012144 282.5252315043808
12377.899165118397 291.3850086705729
12379.198584065583 287.4697898784884
12380.494707067384 298.46120186794155
12381.794614625767 291.93439432440476
12383.104063891074 292.10431988070076
12384.40150025029 286.1264777632473
12385.688872591893 286.9753419174264
12386.975464310159 285.7578669817366
12388.253780031275 287.5971957921583
12389.588402406513 293.35300864723547
12390.884485783603 293.3360065153324
12392.183042853043 288.0045131284735
12393.481426083194 290.1330699229558
12394.779375805607 277.2782651227889
12396.077387839136 282.17179474360455
12397.375726314085 279.33908199402015
12398.67445852252 286.6244938995867
12399.973446006363 286.18434232736126
12401.272826633258 288.92024031563886
12402.571975463516 287.0502228032063
12403.872784716357 286.3844363732442
12405.169489265609 283.9345272985177
12406.467936712801 288.68045002135864
12407.764970930246 289.05863855253506
12409.06435630632 284.41849739546643
12410.36110755543 286.14240594547095
12411.661157826124 295.08735525266184
12412.958739558606 279.9693673842631
12414.257724370662 292.4826880268647
12415.556985881578 294.2282034318295
12416.854592705802 282.71836941266076
12418.153833527938 291.41028138570863
12419.452019626748 285.861644600784
12420.750146753093 275.3823552809882
12422.048999735753 290.3192274467499
12423.348857966957 321.9223300261853
12424.645050030193 302.9227704237642
12425.945361397553 320.17136227546314
12427.242024161194 295.969046635993
12428.542119254033 291.455196408241
12429.841112525863 290.51922409726615
12431.137563805434 290.4013052783079
12432.43588881321 286.6059492852834
12433.733809069001 298.0355631279356
12435.033971544442 297.79299158608285
12436.332739236375 288.1491167906939
12437.629018927684 279.91164440010857
12438.931242012704 290.75531159357695
12440.22824745526 280.58485932735283
12441.523618044223 288.446202986956
12442.826086805204 276.43377053223793
12444.13893555925 288.1296448697951
12445.42033633698 291.8992892206216
12446.71946905373 293.16439066484094
12448.017781161334 286.70894584453936
12449.316700101224 288.0287819066271
12450.61522776637 290.9880256138139
12451.91263463104 285.86287067312
12453.213742441394 281.20695401061624
12454.510146054077 293.5850633134083
12455.786134565076 291.7546084694207
12457.086212910814 286.96391579461056
12458.390794840301 287.7184411867099
12459.70420066047 285.5705011064941
12461.002138760576 284.3561926307963
12462.300126200547 289.0565728897186
12463.599379836305 305.4909440482327
12464.898062879762 301.1772560363028
12466.194843434947 300.77058068521956
12467.494678401466 301.48865852992964
12468.792713263234 294.1362654823829
12470.094271806485 302.7374229845291
12471.384258451024 299.26043685126257
12472.688334154149 299.9043351962179
12473.985357675256 303.89218683909246
12475.284037116851 285.8359403381154
12476.585482850063 277.97585490224577
12477.881842157769 292.7362196504547
12479.179777662155 296.748919848675
12480.47824853708 283.03552993358153
12481.778060700091 275.3387368999818
12483.074767275211 283.5410674707252
12484.375224478177 296.5745106425943
12485.673357921893 290.61194498646864
12486.972076708207 290.37605885057
12488.269543787857 291.1841829386274
12489.568666599891 286.9679374567106
12490.866869442076 289.9592024675391
12492.164818680283 287.2558911635171
12493.461293512624 289.80001424320943
12494.762626808957 296.5764527414827
12496.061291660555 295.18759295536677
12497.360785367138 286.89742133240316
12498.657635062222 283.0519685357233
12499.956902881902 292.10562531584065
12501.25470179781 306.525422630738
12502.552102989246 292.89371211430677
12503.851584919554 284.0993764596223
12505.151680044488 293.67396552898583
12506.447953409937 288.86768957663196
12507.74765964809 288.22646951484484
12509.046290647246 279.8484277955979
12510.34386679743 287.5918348288207
12511.644255438028 299.32407302794303
12512.940803913558 292.40666411703756
12514.239183960224 292.71498037278906
12515.537789161235 295.26569270266026
12516.83654812006 291.296573794408
12518.133271342129 289.6971304897535
12519.434322498813 287.2111721204756
12520.731704209109 285.0876283317393
12522.030850254223 285.3231767152327
12523.32896992751 281.98752615438974
12524.626676394642 292.2913508416385
12525.926066514054 297.9411648160103
12527.224987051019 288.63336086235785
12528.523279493633 285.7877948859066
12529.823523590092 275.3632653250243
12531.120530642695 285.06657614097503
12532.41850508254 295.94155992008325
12533.717422482123 286.9522448962057
12535.015202885445 278.63410906027644
12536.314101541639 279.4506716503936
12537.612800533458 286.623594677894
12538.912913794293 284.0018780585248
12540.206597935907 281.40259070521483
12541.509174350727 286.0225341970198
12542.806402711845 287.9547793965068
12544.104567150074 285.0155488892348
12545.40287941913 280.35769779863847
12546.704924016043 291.13016246418744
12548.000182042388 290.20921559410283
12549.298689975776 289.890615703227
12550.597159378895 292.1390251431585
12551.896624461822 286.62765154820136
12553.191924969364 287.7890897223075
12554.491470505882 286.7030628011097
12555.7932785829 290.7330949787269
12557.090105524265 289.9443576381281
12558.387465328793 290.7147416879839
12559.686242572003 289.2535440435128
12560.98692827884 289.6853160119619
12562.285488034371 286.5677605171236
12563.580880745929 280.35748575261664
12564.880891324476 286.10618887455837
12566.179416185483 288.1507250716791
12567.478208299053 284.31643509653225
12568.77672925388 282.5963559595122
12570.076056499101 285.1515239135944
12571.373251282484 291.32419528876784
12572.670227752436 316.27931602794837
12573.968823827718 312.5173104634848
12575.267985661865 286.58582526537685
12576.567453968004 292.7352177530802
12577.864550913604 295.2682563175091
12579.165170118253 292.150708175378
12580.464491465384 285.06945708527445
12581.761705458604 286.6028825980065
12583.059219788054 286.8073242491029
12584.358176352112 282.00278001646296
12585.658390283563 278.04133153140106
12586.955829111748 272.2906020218442
12588.254068469258 264.6755493779063
12589.552853438014 268.43734197612787
12590.863303940749 284.4789907349529
12592.170536071977 293.9031262454116
12593.47017353541 299.5169243789584
12594.767563622592 295.1055998582151
12596.047251382453 287.0693302913209
12597.34632638617 292.44249186767235
12598.645046428639 290.91375845749917
12599.939518186837 282.20786915456
12601.241213238303 277.6126428734622
12602.538778738699 276.75746293235426
12603.837104454726 275.5317660595927
12605.136731232897 280.9302152198103
12606.435427973842 293.55306563568104
12607.731961287358 301.2881626975432
12609.031339926536 299.6606615029924
12610.327874567487 282.6859858939424
12611.628485909083 268.36960616256914
12612.913568338508 284.580946161602
12614.210109512578 293.8192763611787
12615.50912553735 288.1455216001723
12616.823247763694 278.4681283515782
12618.121366034033 280.327891922281
12619.4205261246 281.6612820680527
12620.719904183772 280.5318403055882
12622.018838834038 303.80216856045735
12623.317397357476 308.58936272808324
12624.61499753025 278.026634478471
12625.915425602565 284.03591480168296
12627.212272009725 294.7798376993263
12628.509353908914 281.91642663516996
12629.809795392046 285.42312539753544
12631.109250554266 294.35719904747793
12632.4052163014 284.4346003426704
12633.705435604545 282.7265528818529
12635.002897958482 290.11076128772703
12636.304239490455 286.6601341165923
12637.602799113623 285.0059825758485
12638.900547020174 275.34859745949666
12640.199245336287 275.76725930930183
12641.506241602661 292.4784276498953
12642.801092369793 309.23727528896353
12644.103010774936 292.6746867366486
12645.797557593356 300.064626892413
12647.352560946789 282.9209541338856
12648.651338909618 299.3588125996809
12649.94905511086 291.45579156054856
12651.247695809998 290.2172810145795
12652.54817052172 296.13193158754467
12653.846143491133 285.36012193915906
12655.144221470604 291.4820995356646
12656.441771278534 247.4066216084371
12657.743351549107 290.060446673452
12659.041692203076 275.3266867045789
12660.343069457522 272.8088817007484
12661.626273509173 290.2416576817353
12662.925399092539 275.6456602381705
12664.222454433053 284.01460516503096
12665.536550237559 270.7740089511136
12666.834175405078 304.10713271583836
12668.131133939976 272.76110329971624
12669.4294052699 295.86203462852103
12670.731776257198 304.4098538650131
12672.028153276588 297.22301152120247
12673.3291462561 295.27921384416277
12674.63821911784 312.1089062923205
12675.937312291324 287.9837574201803
12677.231992819829 269.41087216389644
12678.521634907409 287.9752034596612
12679.82279174298 293.404897515986
12681.13389983983 264.76809357608266
12682.436043281241 287.5891906683264
12683.733542518577 265.7835004362507
12685.034869185303 286.56041128548753
12686.315581435905 302.96466095469424
12687.61320000822 359.9248287132555
12688.91237514787 295.1299013871476
12690.211806141493 231.35899943495914
12691.509556962252 285.0655954954172
12692.807029002273 290.40829942442
12694.107674469622 320.3029673669664
12695.405922515707 263.9218158565931
12696.70725379561 271.9055302156437
12698.206627093401 288.0149408732677
12699.833357921949 295.7087042749022
12701.100296177432 309.25995082964056
12702.417805089965 276.4741474920918
12703.734990544992 260.7501137631136
12705.035596247671 279.92654803351155
12706.377517908406 267.6812199006113
12707.613753410382 269.00602249541873
12708.413297198973 275.6297028489745
12709.694529255861 271.9931942975161
12710.994573262387 285.5338027697615
12712.28156226432 282.6821554529292
12713.566485943647 261.4596816137536
12714.86631481368 268.11869016715406
12716.168874377512 280.7918455636116
12717.473846539864 266.4818399843209
12718.789745903543 306.1374962122273
12720.08561014586 286.7739773813227
12721.387640660465 274.12869228729437
12722.686262096453 264.654117700257
12723.986573038565 274.57302449413197
12725.286350651268 278.807677010788
12726.585134625155 263.8423608830199
12727.881071702028 286.78030793036424
12729.181835843774 289.19252362818435
12730.479353741222 259.43448595959336
12731.802698489346 269.74268383831793
12733.103122985567 281.13542887838935
12734.43455771763 277.0860499513939
12735.733814249788 266.19913565942545
12737.031428681723 274.24384350773573
12738.301939948602 282.68912643903013
12739.609723085892 264.4259176226827
12741.139704514435 261.3120556840446
12742.808455908487 289.1869568410311
12744.10311918669 268.07512407104826
12745.405499903225 276.9494699220766
12746.706417835681 284.88686146860744
12748.00289456945 263.51318797705954
12749.302818305687 265.5695302773632
12750.60129226066 267.1518060196275
12751.899778579755 243.49127120015763
12753.077172783702 257.9438757535273
12753.892724807227 269.87576075788195
12755.209827221493 263.3538502726545
12756.5182874786 274.88971440631656
12757.815909274132 263.8371771542911
12759.113719109931 239.61639817404853
12760.41455078933 251.7346582765787
12761.714630876304 244.13704026981813
12763.238397165827 290.02614056959584
12764.899173122452 274.0528192306848
12766.192776160873 276.103274809732
12767.490957269323 281.18813722789247
12768.790720240184 261.48237275112473
12770.08928098384 258.4804543707336
12771.389860631904 262.1294369398979
12772.686503416995 262.9390741666606
12773.983704734503 258.55377433269473
12775.283287765133 265.7254541249912
12776.58615389915 275.9135179215214
12777.883009801399 262.391327060391
12779.182669162346 246.2054614530389
12780.482993495501 257.0110930562223
12781.78268879394 262.17817752306195
12783.081717551408 275.9728200362992
12784.380428578539 283.6229930067422
12785.68164420816 263.54090100389993
12786.9793513486 264.6606374991479
12788.278229418938 265.29714367790916
12789.576648415237 249.41292996461513
12790.87654805655 244.62167498926988
12792.176876349764 247.6281609894432
12793.475485222943 252.43069111703775
12794.77194788938 233.48584159519584
12796.07567589834 243.33584782916907
12797.37242841646 231.63596818270995
12798.670486876248 251.49718801006506
12799.971127984749 236.89947334491117
12801.270078301115 239.06372411787328
12802.571098064991 231.20640349012442
12803.869525418064 246.6018848187801
12805.16947488897 231.4244005962436
12806.468532564997 258.05340558447483
12807.766694924136 272.30642085791743
12809.067614273714 219.1796299748314
12810.366551666066 237.57321249714792
12811.664684656715 220.24602555331563
12812.961794586998 231.4140950504009
12814.265833559415 226.47646905129878
12815.56382146733 226.36001318111252
12816.863978175768 219.31083236702926
12818.163577914618 222.18991330944468
12819.462959486722 209.05517286782796
12820.761882957755 207.22039307654646
12822.05957149321 223.64801342562765
12823.360368544598 235.09762085037545
12824.658697562218 209.9663213546272
12825.956806590037 238.48933594917693
12827.25810317779 219.78374042536174
12828.557681964297 220.0872904962911
12829.854813897215 216.75003798127344
12831.156316915947 219.3016456486099
12832.453846309883 244.46471401609995
12833.754804377968 192.66756929530297
12835.053608755668 245.56858388623218
12836.353450928471 228.01300366544965
12837.653964386633 239.46988882875354
12838.95267235495 242.28378860975513
12840.251218155088 237.68320642502198
12841.55335124198 228.88017711520004
12842.851597097999 227.06309260465747
12844.151526517402 229.56177956837885
12845.45183009822 225.05294640392623
12846.750883114317 219.3010552486284
12848.051971400942 242.42510337632115
12849.348040090985 238.62848375463116
12850.649531622834 229.28644762966235
12851.947992443891 231.16544953276355
12853.248106012014 234.37605746855832
12854.549741904008 241.9825176722559
12855.847401269893 237.4177425903409
12857.146184237921 241.18637717578832
12858.447381524562 235.32996891734498
12859.746482529512 257.5306670688493
12861.04350831084 258.757943044944
12862.344772575148 270.8997005928688
12863.645800540424 253.717121112097
12864.946458350469 247.49825568709983
12866.24276438704 254.68340462314964
12867.545742455703 244.59928386600276
12868.843304078844 248.41751615992703
12870.14430174697 244.6215692884074
12871.444250007375 240.30857962712514
12872.744063044833 245.86526855265183
12874.04296126481 258.2672780803664
12875.342406990145 239.86453404724998
12876.641345507904 240.01164995180676
12877.942505198564 255.82447261044027
12879.24445187756 244.86655749649265
12880.541167844243 256.71918614189235
12881.840622457577 252.3463252717473
12883.141119595848 249.40632339519223
12884.44116750215 251.75063945679852
12885.739797549111 252.86992574241597
12887.040053852008 239.603064391313
12888.339516359334 251.68058220255602
12889.640058534444 262.5838815064172
12890.939811272936 274.1022918914126
12892.239864005154 248.64654429226624
12893.538890500864 263.3194857643949
12894.838553186843 256.26163352566687
12896.139559796931 258.26091125381294
12897.438707498051 252.96879547257544
12898.737195142001 268.35069148518573
12900.035434302501 256.00504333331065
12901.336992373173 254.85225692578433
12902.6363494502 261.21440647666634
12903.933885807599 276.4493083558243
12905.237279503119 296.55712056846966
12906.537672898565 303.12462738175856
12907.838761065497 286.69390929941727
12909.139866072905 261.0014874529281
12910.438626746825 260.7330972964218
12911.738772666724 268.40467735960897
12913.037005018512 262.76534680846265
12914.341162105478 254.67174490272558
12915.639336183582 253.2508694305722
12916.93894448216 258.0215678671437
12918.237335956066 250.17663619441961
12919.53713419419 246.06581151184653
12920.837976876295 258.947304792743
12922.13809469097 244.2838385043985
12923.436851357608 237.747236105219
12924.737752048539 266.6001901266365
12926.036841520101 271.0542030740963
12927.336590859468 259.7984448233595
12928.63685333469 257.26166845016303
12929.93743156008 265.8109937200634
12931.23674483027 267.1630741313987
12932.537591699896 255.09357767105618
12933.838025426036 251.0712750094345
12935.137490186551 251.77539780897408
12936.436816688793 263.7381401305283
12937.739568129007 271.8431400323767
12939.037784885926 262.6573215228851
12940.338213292625 253.8962234784835
12941.638420620091 247.50142437763876
12942.953245100496 260.3872511739268
12944.271168853962 270.2296748678805
12945.57219755177 271.4756538599515
12946.852121810824 272.84591644701544
12948.138788890883 268.2854825137899
12949.439500510023 268.82546461566074
12950.739756182107 264.69256665717
12952.03906703954 262.95420540520155
12953.340205885057 264.92000648763775
12954.641727488266 264.8732272242101
12955.940669946029 267.603258591122
12957.238730643552 268.52738218205536
12958.551693365363 260.43981060420424
12959.840032675353 257.1303480660236
12961.131974533391 261.44950790602184
12962.437644095495 270.0883345943764
12963.741669718704 270.6947944001253
12965.042769666463 272.0523337924012
12966.340694593233 272.3806062985807
12967.64123331204 268.95199797918445
12968.944586140386 273.2173111501027
12970.241757827576 274.1921009121178
12971.543597966856 268.9483667412
12972.843100034326 267.9988602630671
12974.14243537048 270.62158685411003
12975.442029505299 261.7189937323818
12976.744040679665 262.44967966540565
12978.045019326548 266.29459296284415
12979.344150708677 268.729583759629
12980.64443724216 263.7011060430562
12981.947857284009 266.8198429999555
12983.246969108923 275.2280185023147
12984.54668037668 275.66778311732
12985.846125598337 281.0741209444062
12987.147396993982 278.1034465224051
12988.447924871023 272.8917644892484
12989.751847291993 275.32039541694064
12991.049697833017 278.5817729966273
12992.351183727047 276.1158492593952
12993.650921621147 278.63501972095077
12994.950823873614 280.65704786538475
12996.252016183398 271.14472616829426
12997.554240555599 266.1930642063928
12998.853747062869 268.37881200651594
13000.151755191488 272.43491243264697
13001.45460298779 277.1161862054675
13002.754973169884 275.731403753097
13004.053457585791 266.1052045506623
13005.353851418 267.4256069732564
13006.654003514657 275.63180032289756
13007.9555545737 279.42095811748055
13009.257352407249 274.73414565552315
13010.556476995687 271.0848783529468
13011.856411860665 269.2381758275232
13013.159003667886 277.06739091199154
13014.456497951345 287.74091739733524
13015.756465171216 287.4520041726628
13017.060465750366 282.2098174681016
13018.35933933206 292.943612169818
13019.661596007521 288.8251948606727
13020.961057335786 303.7195729731357
13022.26290080708 313.47542036074975
13023.565123275715 305.77078208789675
13024.866015932555 287.51663135567014
13026.165975310463 268.4584040359335
13027.467164857033 262.84350697230514
13028.765682126874 261.04881681972296
13030.067494600917 270.56320677319417
13031.368213272459 272.04241137985474
13032.669018470848 267.95184459578047
13033.971957341353 276.4953142542322
13035.271387072276 281.3008862269279
13036.5729729893 291.84336733650946
13037.87125378176 285.1817508975012
13039.17376600689 270.71209053755166
13040.473782960577 270.47362986699227
13041.77577575814 274.54234210073406
13043.07498022603 279.2730175086879
13044.37461264563 263.00284292625764
13045.675481958537 265.8511037840899
13046.976507623805 279.01288608513204
13048.27833949788 273.355326532037
13049.581420511695 263.8544314530259
13050.87988179365 266.6044192690748
13052.17988308728 279.1314191638509
13053.481193804468 274.7301320240023
13054.782246170651 265.07621810577945
13056.079590704263 278.1360127476006
13057.384019052259 280.06894030781535
13058.686308155888 275.30655355834966
13059.986825092485 273.0846456885824
13061.287283849937 277.0863694873921
13062.587420900925 278.03269975688335
13063.888179998656 272.4408310932801
13065.19203460386 265.96172786030417
13066.491262156862 264.5641924400977
13067.792202858576 275.4030192206045
13069.094464589762 282.8711255143533
13070.395550587167 278.48049206177944
13071.69678267399 276.91929749287146
13072.99399613505 279.4838385933459
13074.298091756764 279.08985472227874
13075.5954523772 277.7079410674489
13076.899131552687 274.03591814108484
13078.202910151424 267.02168474977253
13079.50163838531 271.93506778655967
13080.802668500615 268.6336441884621
13082.104089558467 272.92350688565415
13083.40451751837 258.5015651498525
13084.7074368767 225.26514308294486
13086.064045601946 280.8416875729971
13087.365159652389 298.2384136457988
13088.637658631296 284.21785042939376
13089.926944090243 284.2674952653749
13091.18388807502 279.59383256661863
13092.469831774924 276.8857363735222
13093.771687022749 280.44512318128733
13095.07497514075 275.5842431321893
13096.358765116194 268.0390283405428
13097.663576575183 267.85683227157034
13098.979632688759 275.89713584727093
13100.325022892273 282.8358834003946
13101.625175972596 275.5316508194228
13102.925356026868 277.4311556849221
13104.226453885645 272.6230197462862
13105.526654964562 268.50230145169513
13106.829170551051 283.46856549027274
13108.130606288187 271.7571697096834
13109.433018319005 274.827091566344
13110.742707090956 287.13696769256416
13112.059033969132 288.9357933357668
13113.335800169101 283.8938670037351
13114.636405134626 276.22483288183855
13115.93830372728 277.54303156894014
13117.23985155427 280.0049254825757
13118.540527241645 271.3094212623295
13119.84363856888 269.6798559402865
13121.144049751978 271.94211531656555
13122.448269654342 270.3926715887531
13123.747351189257 274.83996374282765
13125.048532490655 285.60062981645586
13126.34971222795 283.11596323012185
13127.651578076126 254.2503352700447
13128.95254201917 259.61658177866536
13130.256100605437 281.1936590604148
13131.556126592352 284.1011276951362
13132.858449431425 279.00492880795866
13134.161780651813 281.40408943844983
13135.463214676305 282.7922257856552
13136.763057093316 284.535068518931
13138.064660110977 303.79630319634686
13139.365436163662 301.7045355257485
13140.666187583412 283.2238875573861
13141.970021454952 285.29909958176796
13143.273918836292 296.1066642659292
13144.571933105057 285.68329315920766
13145.873641496735 274.84934440650125
13147.175444842436 281.52277575292027
13148.476721901168 274.51325326581565
13149.780001411718 276.52235584901644
13151.082551483121 285.1082931452273
13152.383314282208 284.3196985331523
13153.684053108538 273.8556636614667
13154.984319041941 281.26777895129163
13156.287449042022 256.7605555494112
13157.589817970094 265.4903478851697
13158.89065060563 300.12254181648706
13160.238076061118 289.22775986921766
13161.512204814577 277.5193850207051
13162.806679172922 283.42154851409947
13164.102802466905 300.45117004137836
13165.410871766835 302.66863550705517
13166.711911013335 302.7871327354407
13168.011376119002 304.30407856328173
13169.313204338043 292.4239017677738
13170.638122611103 282.0621780584209
13171.939029875857 289.66964576337995
13173.278040187284 293.56953897113874
13174.548248268517 275.37207223729206
13175.86588906074 279.0676519084973
13177.120597512627 285.45208812467416
13178.46194226691 283.9759714852093
13179.753806813118 284.4286526211959
13181.05757763649 284.2105027064819
13182.33645131015 276.0487870291071
13183.626585401464 269.52031248766065
13184.929601005073 282.11596261415616
13186.231028065153 283.57379712236593
13187.531586635594 270.13611987560336
13188.835482003018 274.1576402560845
13190.13690616063 288.5476416368068
13191.439868165366 287.13456014133345
13192.740069548447 276.5527071869782
13194.043799161122 279.94797032512656
13195.344537631518 277.1603919213514
13196.648132474136 273.64946456769735
13197.952559790514 266.95235234208803
13199.256679004899 272.4276312470936
13200.551566794877 265.76210043447094
13201.855847622752 267.75672144408094
13203.158404842243 278.61351152312926
13204.45922753082 280.047751485798
13205.762890992173 286.6095807388311
13207.064104333582 268.88651042134416
13208.36712628774 243.3437093367829
13209.669702439422 253.69045166717382
13210.973835122959 272.47098469587
13212.275944388879 269.8889371484433
13213.574364758011 258.88120270638444
13214.878091648468 269.0022700626946
13216.180188154316 274.4753586939772
13217.481422347853 268.75451013941125
13218.785986865201 277.0091178096477
13220.088443348604 276.4717667749873
13221.388604969088 273.8504459932399
13222.69167589746 281.5499282066996
13223.997634701473 274.5561781659628
13225.30089622552 270.8240799912712
13226.605036573981 273.1581562375859
13227.903336369105 271.0756997526894
13229.203534520926 270.8753872449849
13230.50629356119 275.4267811757508
13231.80887508738 270.07344607208984
13233.110012673307 269.6593125268179
13234.41388901562 280.54460946849593
13235.715292527435 276.1825475208626
13237.018363672774 281.01210338927035
13238.321783275007 274.061622976757
13239.624143723591 266.96046233382106
13240.924252002827 263.74712729028215
13242.22753403202 268.95114293881295
13243.53190478229 275.214732463979
13244.832710833496 277.74655365178273
13246.134582455279 276.54690799476634
13247.439159850033 273.05535377573636
13248.739323331436 280.6078493091021
13250.043152158181 270.90845743790703
13251.34698070123 271.6492090722567
13252.648306365012 279.4938668654102
13253.95190626226 277.334614023816
13255.253571057076 280.72552701253005
13256.555454064915 269.64653782140203
13257.858333624927 268.7824263961532
13259.160565686474 274.36521790026194
13260.465824673396 266.40278846554446
13261.768514070947 267.4734735648945
13263.07182166984 268.4037146055366
13264.374255262868 272.88882149544486
13265.676453530465 283.49457969857383
13266.979645589636 272.3975363193378
13268.281067786767 272.61312076124847
13269.583581846395 278.7457347436166
13270.885654905313 281.66264243339765
13272.18963361901 280.18200879056786
13273.490812132804 284.1486541177429
13274.793869144496 288.3564958646996
13276.098084568923 281.5480719477437
13277.399868175957 274.9405011078362
13278.70162478394 270.50688151868883
13280.005291710111 276.7111828282851
13281.311253391917 279.80677483057946
13282.614522416328 274.86218139164055
13283.911732013614 272.1241721101908
13285.216412842801 279.7923867156559
13286.519190990328 274.2850724316849
13287.819013870381 271.23689690462606
13289.1254386976 273.4274126920012
13290.42933988082 270.76290562033637
13291.728287192705 254.9721862064883
13293.031702459843 266.1336943854823
13294.336009677469 283.499334104058
13295.639127753862 281.22646771341687
13296.945750292034 274.15537143261287
13298.247073358447 272.4975979234044
13299.551008610908 284.90517723969225
13300.850787970798 279.99768765920385
13302.154446303677 299.74133514584986
13303.458883786903 298.1180560360486
13304.761758388786 278.30004643604315
13306.063231495613 267.6475070567584
13307.366153421804 261.19353962379523
13308.671564920976 260.9794581045101
13309.974257721016 272.8168126507046
13311.28107095091 271.7112252431743
13312.577737138565 261.0619145577114
13313.879766067248 267.9594748660126
13315.185625745658 274.2271807973827
13316.48974914364 272.4224234089745
13317.793793778712 265.2244363651361
13319.092874720089 256.87192001221206
13320.397555447507 269.5732515690018
13321.701638742436 266.1572105550661
13323.007161929921 292.51130359116377
13324.305738001556 292.52604525795573
13325.60778936204 288.1694222228104
13326.913603738112 278.7677776970679
13328.215326210147 274.9534051157859
13329.521123669392 272.56469896436175
13330.824700738061 275.4930550788649
13332.125036914811 274.1177994996826
13333.430224382078 269.88683908895956
13334.73577475882 268.1129466277142
13336.038818034522 266.025916817151
13337.339922301808 263.0335023388645
13338.644060710876 260.6944199512354
13339.944503242143 256.7972001623417
13341.248476421728 270.4818882086756
13342.554785699876 277.95525518993594
13343.858359315394 276.86643028535946
13345.16121879743 273.39744285608003
13346.466046614745 259.54776792091616
13347.770158050776 255.48428928176352
13349.069471625382 264.6735187857972
13350.373061690765 277.1009618829002
13351.676934419347 280.3827880967894
13353.018029701496 268.1403912574496
13354.369250808588 262.33086040805784
13355.678604527207 279.9755353908123
13357.090137869807 299.01508446956404
13358.403160647787 266.25698252760964
13359.740297874014 229.5069259674999
13361.145225479344 296.2572801635469
13362.444396666328 337.3686657452735
13363.740378400073 311.9920608976273
13364.90267158924 281.52585086580626
13366.122916402624 273.8932758949987
13367.393433927398 283.6466713694499
13368.66551086419 278.4770491620264
13369.967106368093 266.2986429756934
13371.23315597927 268.8007476467536
13372.539788854394 270.9014885045247
13373.839323379618 263.95548123015953
13375.142018668432 260.7805045055279
13376.447978232969 269.89716338381976
13377.754257367671 263.6316795165837
13379.052739729395 262.88845595474874
13380.356523305205 273.83233967997126
13381.65977418159 282.46571771241884
13382.95727861616 282.90233794337416
13384.23536232773 281.5073464678087
13385.48786227917 275.9300964467535
13386.79122655478 268.3427182471359
13388.120836460434 270.8557229194653
13389.479880740955 274.1485701203929
13390.81862792279 277.7619037714221
13392.125548491334 269.52363370051086
13393.427654101539 269.63219293544716
13394.70090828873 283.9106444043029
13396.005703162284 289.47536290943435
13397.336837319657 287.4310995798037
13398.634006731554 276.2680839041716
13399.945425158307 277.5473807159838
13401.22196193102 262.4420738859092
13402.55879577777 268.0977648727544
13403.891667475193 277.30792099859394
13405.170851617804 262.1790007405126
13406.454000822161 273.26671799379665
13407.737999025601 276.2082616776316
13409.043760429211 271.99149930058763
13410.349141078366 262.5758769318892
13411.656064187997 264.0316518765515
13412.9801245508 257.704972011661
13414.298193572806 264.5981164143856
13415.61083814337 271.75877221034915
13416.89835345257 270.682961588402
13418.173704031073 262.81224563770724
13419.476902208824 252.71115914451727
13420.781346168642 250.54013649677228
13422.085148557115 266.67776249864664
13423.39090576066 269.0757057340842
13424.695391036694 261.8397421351985
13425.99861352016 253.25243385215558
13427.302367943765 255.27793197089352
13428.605963925651 266.1637432698915
13429.910769391225 269.68785623503805
13431.21401052435 273.1200009383119
13432.516432438493 273.1569840003873
13433.82166957927 265.9993320666425
13435.12785318397 264.1127867399209
13436.433557647977 270.92261271850623
13437.73653573438 257.5772665015908
13439.039013864724 250.88956610109094
13440.341233345105 255.00090733626976
13441.645770706331 266.7959238159959
13442.953614382543 269.7128359838111
13444.257809884944 260.1174111633495
13445.560217905015 293.74205793311614
13446.865584184103 306.65179680199395
13448.168601980109 286.9812565833867
13449.471690422959 282.6824567488834
13450.77848801565 278.14568104137294
13452.085110960523 276.50142034678595
13453.391965466975 270.9553846117106
13454.695425395203 261.2946236711046
13455.99652578922 257.41897904304767
13457.304151930764 271.541086411274
13458.606141258182 288.245437723833
13459.91452808205 282.1251561192446
13461.216535556347 282.5169803460161
13462.536946606378 280.0520745398344
13463.841841283953 272.06062159908345
13465.140353994984 249.10720130786405
13466.429707472349 260.08930069674886
13467.73653744129 281.9575768416865
13469.039826881188 277.0535341377548
13470.346348370062 273.1643929218921
13471.651895940982 259.3926611537152
13472.960533511394 244.4297949977673
13474.265743350707 252.4275092723151
13475.570014372024 257.33064730852004
13476.87129460845 233.48986911731447
13478.18061083118 230.4493467140769
13479.482286858807 256.91758084223204
13480.788883701582 262.77354285425423
13482.089221132495 265.7836740080008
13483.391267672532 249.4307478607893
13484.689647065567 238.9921310315529
13485.99983876536 283.9142064163903
13487.304617320899 291.3066881036029
13488.60317740808 248.99437827942165
13489.909771512774 265.7339952813943
13491.217570308685 291.1617371523417
13492.519560737552 280.02829628088625
13493.825834689584 280.0647720179919
13495.13643290107 265.33131750330546
13496.4427473286 243.8103751513962
13497.748014668896 249.25534866703146
13499.052703727613 260.961620201942
