wavelength flux
11109.98597757023 0.0008695544707251878
11111.305184506176 0.00136997524878565
11112.625987148886 0.0010591348159787893
11113.9466922854 0.0010310017104165393
11115.266048211563 0.0009172167048340846
11116.613501844235 0.0014115207024733136
11117.932148509988 0.0006753644831017228
11119.22787732759 0.0011854546501196906
11120.57109143896 0.0013809230944568302
11121.891065025791 0.0013633540331454885
11123.189142879286 0.0005760777724977619
11124.52871990363 0.0011979823393075495
11125.829719568717 0.0010969803792719353
11127.167066089623 0.0014925236008244613
11128.468484851423 0.0007900489729338862
11129.805873227917 0.0017482882709800602
11131.124333193871 0.0011917084793235731
11132.443066763431 0.0009057709133567844
11133.74840047937 0.0009104126105710558
11135.081024516801 0.0007846027964402661
11136.399740810404 0.0010907379850073025
11137.718258402421 0.0008478762813574989
11139.037149267122 0.0011211312586443874
11140.347426054233 0.001210773042060808
11141.674379474522 0.0008039712433818406
11142.993201827827 0.0009441526738107655
11144.311459931298 0.001066342712446624
11145.62992767086 0.0004352382210740694
11146.948488819675 0.00044560725624072915
11148.2668364072 0.0011028636257903667
11149.583669581209 0.0010984603983013065
11150.903602648323 0.0007361872988935315
11152.221857135917 0.0010051283699758808
11153.541504527093 0.0007254137034359605
11154.858230206017 0.0008185728525727709
11156.179893822928 0.000679745282601072
11157.499036374547 0.00046732883398212043
11158.812767494088 0.0008322465933269362
11160.137136544898 0.0006819393963071208
11161.448824705776 0.0013799672674037705
11162.767018884377 0.000935931391100208
11164.093740115371 0.0007923383203107613
11165.413077443152 0.00036225904890424234
11166.731832994856 0.0007569859603725412
11168.037644141834 0.0015126691446055586
11169.355718768857 0.0013949039096822853
11170.673932919546 0.001184370761848722
11171.99094766455 0.0007118418429031458
11173.309286336196 0.0011628869302233041
11174.626801889604 0.0009922620535016552
11175.96173153039 0.0008419260488670205
11177.26140179808 0.00159473010870336
11178.578940138015 0.0014710635726535185
11179.916370614937 0.0007107632430781008
11181.23683332603 0.0009746090096125039
11182.531209812854 0.001309026105662814
11183.874588569402 0.0012879010411743727
11185.165821095734 0.0012751920037371212
11186.482902458865 0.0015492353944214286
11187.799537323544 0.001106355932272724
11189.117803913907 0.0012227433272026648
11190.433585747196 0.001057279846710437
11191.751070757855 0.0014950760533432629
11193.068337710292 0.0012349205995576124
11194.385491057732 0.0014986332680799704
11195.701839149939 0.001316427947558342
11197.019387463728 0.0014930899738256184
11198.337021766389 0.001789227929967905
11199.390311113213 0.0013587680440805374
11200.970729314613 0.0014249794316006808
11203.603383438 0.001156388738584186
11205.110417701018 0.0008335488829407855
11207.553886006643 0.0018908433111503751
11208.868976965518 0.0015590508124644904
11210.18506863286 0.0014507342502834135
11212.816641938824 0.001552279461676317
11214.137037096883 0.001644544739888489
11215.451183462092 0.0019353937379306396
11216.767742840413 0.0016652500565426417
11218.08417934235 0.0016832172605018454
11219.401949723771 0.0013959227646334492
11220.716799631564 0.001978733689657109
11222.03203318076 0.0016714685629993875
11223.350502615516 0.0013793188430735231
11224.667003982633 0.0013930588978841873
11225.981482020901 0.0016300641823949664
11227.29931297231 0.00170932159192661
11228.613346201273 0.0011265737572712887
11229.92833916353 0.002348080958807856
11231.244544749827 0.0019821865140076424
11232.638150811972 0.0020836458916136625
11233.878229339118 0.0017680689865345715
11235.191068052052 0.0019170394917931797
11236.511009255259 0.00117790753943674
11237.822609299055 0.0015337194754741598
11239.140792488099 0.001395927342624913
11240.455933665786 0.002463916575081066
11241.858795975926 0.0016741451079345664
11243.088013579125 0.002093794479129506
11244.402237563974 0.002009092207732763
11245.810682364536 0.0020398191431415234
11247.128301310428 0.001898890993898103
11248.348149748732 0.0025876710142875388
11249.664008532864 0.0023846991557514305
11250.979355031328 0.001928131249136582
11253.6094080313 0.0016576439504992634
11256.348026139636 0.0014196599785271731
11257.667125331325 0.0018423825950030408
11258.87017390354 0.0018404362575519132
11262.817033182637 0.002254801574128934
11264.247556592889 0.0017277084066247828
11265.442753124524 0.002947771646302394
11266.760718183206 0.0020318220274055214
11268.073810671587 0.0025806651962395712
11269.388380608108 0.0027877608157002008
11270.703987287283 0.002571947800495071
11273.46776109411 0.002094280114244306
11274.787489222248 0.001626034630639387
11275.961002862194 0.0021678232565819507
11277.276898408241 0.002196374005139431
11278.593788301301 0.0023707944188586824
11281.219992048711 0.002618594213765116
11282.68727493541 0.0023350862120921053
11284.002976228241 0.002276532584691053
11285.161117006583 0.002540461547536185
11286.635501051218 0.00219257446972634
11287.790029123067 0.0026770112951589207
11289.104398261068 0.002201270343824887
11290.420533429084 0.0027259557708153854
11291.731558994807 0.0029064445076519593
11293.046730913735 0.0028063163120672398
11296.98901050929 0.002283122575409672
11298.300180417724 0.0022874080276906765
11299.621720922683 0.0028545375290093145
11300.928271399998 0.0026999396371258965
11302.249117653488 0.0029152063837881684
11304.875294316425 0.0036415766685898997
11305.860582171945 0.0035133808550544283
11307.171062498233 0.0032531840821035246
11308.485875419621 0.0032601854376961446
11311.1096469577 0.003602860821093771
11312.426430085325 0.003670478111100402
11313.734492178299 0.003310977127768453
11315.381337809982 0.003976794589340339
11316.360663668736 0.003953787257820477
11317.675690851594 0.004277584187325177
11318.984686552341 0.003977240557457841
11320.302653718394 0.004006885988764171
11321.61270391905 0.00398547437744562
11324.236389321899 0.0037732543946781805
11325.553456633037 0.003685662773728443
11326.866474748114 0.004057582249478114
11328.180154830681 0.004424508197813434
11329.490488571993 0.0045749027085078475
11332.116340794477 0.004149696000918354
11333.429233283015 0.004079822528107158
11335.0839364719 0.00408366115486187
11336.054450263993 0.003939773709033062
11337.364637024488 0.004238469016112876
11338.680613639104 0.004197531822377202
11339.994639593548 0.00387009797564946
11341.304044144252 0.0042795842628520625
11342.963554985337 0.004449963859294122
11343.538229393278 0.003871277344423486
11347.175619894891 0.0016698755648374487
11348.489906139515 0.0020680872375068798
11351.121086579673 0.00406419427406278
11352.436349060361 0.0047352129343209
11353.750801064887 0.006186913818893203
11355.060546329867 0.007342205848802858
11356.378755670055 0.007412840474876013
11357.694722773675 0.007414822733812495
11358.71135326562 0.006568325903207165
11360.021432156866 0.005640071811360949
11361.635446452527 0.006393135208275046
11362.95056013561 0.007561333498425972
11364.265661510797 0.00905255910002809
11365.581606468015 0.009463372140435264
11366.886193023804 0.010010583049282241
11368.20634321118 0.010414596237530058
11369.520830239917 0.01087846063429382
11370.83205274609 0.011431238255012192
11372.146139347447 0.011253550607199361
11373.462259275215 0.010736374946673998
11374.768858409681 0.0109238420950579
11376.085304570906 0.01050107572196374
11377.395769857936 0.011331981807212763
11378.71235976701 0.012915665174797744
11380.02960094978 0.01294354242768442
11381.342233369694 0.01344647573865828
11382.658533885151 0.012684836846672399
11383.969351251133 0.0115354347500264
11385.285140263402 0.011658175621273744
11386.599043957372 0.013141915682612691
11387.913445934664 0.015360329413742307
11389.225739623496 0.01666193052708964
11390.539195149879 0.01728760611652041
11391.854219697345 0.018287108859730134
11393.169728935343 0.01847088763577411
11394.480427207316 0.018716666554315208
11395.78977353165 0.019198637133119725
11397.101414955523 0.018081688098595405
11398.415324452762 0.015964704738854245
11399.72528569602 0.016674452203502124
11401.036898421577 0.018337693112222945
11402.351642794009 0.02100523725148346
11403.6665013297 0.02288380789114325
11404.978391675717 0.02382334908110153
11406.28995232825 0.021981002037051264
11407.600111673117 0.019538211237183824
11408.911950570793 0.019918728682730903
11410.224883770661 0.02301429422766554
11411.539598104704 0.02542133396436111
11412.850851363084 0.026441099067088702
11414.163106557695 0.025319500292223244
11415.47762202242 0.026650329543736414
11416.786446136472 0.028170242292449264
11418.101099648266 0.031182901507425812
11419.414854478604 0.03138585606351243
11420.723029558736 0.03074686568610094
11421.659402551386 0.03132196091552366
11422.691314196629 0.032931916717414474
11424.00324227625 0.03674062353495928
11425.312981782965 0.03890986898502337
11426.623902123301 0.040100517758761695
11427.936025170413 0.040454885065511884
11429.247872429783 0.04144649923199852
11430.559217535194 0.04522385242901993
11431.871495988944 0.04760797360612484
11433.183392046287 0.049846618479983465
11434.497730083049 0.05056427305173083
11435.808931814488 0.04686765188968086
11437.118204651788 0.04364134031003503
11438.429863794103 0.04591281657817183
11439.741511579321 0.04789068291731602
11441.054808449759 0.046091121863887835
11442.36404910505 0.03978699696859548
11443.673087294623 0.04085646756113366
11444.986063807028 0.050318456047615964
11446.298179342164 0.059411841693389325
11447.612036735636 0.05949282585124572
11448.92035807401 0.05672142212808696
11450.231168339697 0.06018916629217007
11451.544498120022 0.06451432355726615
11452.855073481045 0.06138992885157645
11454.16587078097 0.0626950348179933
11455.47568601874 0.06939819176728974
11456.787649580614 0.071804224928344
11458.099181077916 0.07320759639035648
11459.408194281716 0.0775858961750483
11460.720060405461 0.0835811451342287
11462.031595871049 0.08828725758322938
11463.3412447597 0.08439829219463706
11464.653527368877 0.07515554216632292
11465.960911091273 0.06841276849126102
11467.273020344022 0.07562493535895225
11468.582643894859 0.08246637635136293
11469.892823587648 0.08683613780758834
11471.205168028731 0.09032132298513366
11472.517271734441 0.09081278289093131
11473.827658558854 0.08952220629465467
11475.135746971753 0.08852435740089062
11476.445288165336 0.10252872903635435
11477.754809784758 0.12142469788694862
11479.067905033779 0.13879478315874158
11480.378158600877 0.14852522631571785
11481.689422736736 0.1558138012416774
11482.998848055278 0.1587717769651794
11484.30963957342 0.16045529874248185
11485.620188822655 0.15252011706897775
11486.93161105715 0.1341878918052788
11488.24083337432 0.12923421247586228
11489.55097240621 0.14387399259956893
11490.884499862954 0.17096876213264284
11492.204444685869 0.1857387090900801
11493.505861987736 0.18403965018815815
11494.801162128248 0.16689675872363538
11496.103226375331 0.14246503230032975
11497.411335846136 0.12833109470997348
11498.709750723921 0.1359229003181908
11500.017642404002 0.1586320638955369
11501.327689765298 0.18530419859532085
11502.637030062602 0.20886365980160404
11503.958504669938 0.22250628545390638
11505.270258674409 0.23058180175518453
11506.5797683633 0.2213428443002226
11507.889937511887 0.2133667803193373
11509.198901938664 0.21927289154851112
11510.50672109597 0.2249239981492914
11511.814805885786 0.21962621688407238
11513.124476735115 0.22393153955836376
11514.434793852866 0.24399209132798574
11515.745694490526 0.2643656637943689
11517.056898534593 0.26958324509930703
11518.367363891712 0.2504613366787258
11519.67187888924 0.22581739928530062
11520.982184756293 0.23717403517565722
11522.293446883918 0.2612026721654378
11523.604245172695 0.2685810487689586
11524.915426124799 0.22845104286134146
11526.206772616464 0.19432458172178144
11527.525519600653 0.20449322693695107
11528.83664981027 0.24912469589827235
11530.147180937156 0.2944208361671363
11531.44901673779 0.31811499386008063
11532.764902415418 0.33276779121189004
11534.076285785399 0.3349181669319776
11535.38252490415 0.3191701298588796
11536.689823040846 0.3066905888842156
11538.002348087737 0.3020036516428154
11539.30776284814 0.29389960709809404
11540.617502868376 0.29849591348705934
11541.927083837007 0.3057054380453978
11543.235833987846 0.30524771117766714
11544.54322922817 0.3197100272807268
11545.852256998269 0.35078865757856076
11547.164268504233 0.368772409170961
11548.47322638867 0.3685030916446571
11549.780182338045 0.36673180315849374
11551.091726577677 0.3751750783640963
11552.398298788688 0.38341247729828376
11553.705725262114 0.387647420866099
11555.01541320037 0.37700855363817154
11556.322296677967 0.34223086960835714
11557.629031502856 0.3397324056309637
11558.940920820358 0.36270167456075353
11560.23918972744 0.4024318332906351
11561.547102807239 0.4275328883792976
11562.815139739534 0.42499203146656706
11564.13260551221 0.4030251562824325
11565.440862014375 0.40266577369525713
11566.776609185385 0.4253071259419711
11567.93200059844 0.44717490780867636
11568.75732161108 0.45316600358873965
11570.065260930138 0.4551434251342175
11571.373277483262 0.4439777985352125
11572.682483389357 0.4426265706645198
11573.990125846536 0.44935537377968165
11575.297749792064 0.4475941681855609
11576.606572963177 0.4276177607493895
11577.913196557749 0.4096122733170558
11579.221783571762 0.41768195969349486
11580.52977220152 0.4579644341355545
11581.83067177725 0.48097949073049345
11583.1271958963 0.4911118490103498
11584.436602677826 0.48225042252061606
11585.753143968228 0.49043988791097576
11587.070683916405 0.48922407090837694
11588.378677806973 0.4645248209361443
11589.683143876418 0.4503194196055342
11590.994708560154 0.4633414906898209
11592.303382116312 0.49026678672305735
11593.609282131974 0.5128682123127525
11594.916155744497 0.5092494941643229
11596.22359417119 0.502590411758465
11597.53052969515 0.5008169090778685
11598.839142397255 0.5120843304987397
11600.146876005536 0.5115308745747972
11601.45341963022 0.49715125433710133
11602.760504409076 0.47947216886390603
11604.067176985343 0.48312626920538904
11605.37198945035 0.49590119212576333
11606.679840312705 0.5110938206666137
11607.987164752516 0.5268614379796421
11609.296631728632 0.5479643805359081
11610.60449655017 0.5483665441035868
11611.911910187682 0.5475163326543162
11613.21869113286 0.5410149161469999
11614.525240377097 0.5415668633985283
11615.833130753097 0.5501377811847441
11617.141306524858 0.5559608641811145
11618.4485422055 0.5694226376003627
11619.75518391989 0.5702678421345081
11621.0619346443 0.5538401194533861
11622.366308656085 0.5343325464594425
11623.668191700148 0.5249256861907965
11624.97959205109 0.5372782376160823
11626.287408295013 0.5606526171338451
11627.595833761276 0.5812394068302031
11628.903501028382 0.5922277835980044
11630.20992960681 0.5922752837976103
11631.516131617402 0.5922917959404951
11632.8229255717 0.5947273001222532
11634.130954042006 0.5888260828254175
11635.43742070747 0.5784806797203798
11636.74657491137 0.5776831989734549
11638.043642741257 0.5813499354777015
11639.314110845087 0.59195453181186
11640.594008171618 0.5983837142123157
11641.927555455062 0.6100749326336476
11643.247030646971 0.6015422221685848
11644.529758507908 0.598985249823431
11645.835230425188 0.6082070859998945
11647.142069599822 0.6125341753118045
11648.476832010378 0.6037638614187761
11649.2747770777 0.5935975075058856
11650.4584379499 0.5867442178879715
11651.764084833128 0.5838361806421124
11653.072855041286 0.5873653498962601
11654.374722120869 0.6017660265080197
11655.68195326204 0.5944637209011681
11656.990093040333 0.5811895722215787
11658.293513738774 0.5812124927915767
11659.599501498276 0.5875964544296804
11660.90327865486 0.5957161080602299
11662.21280851797 0.6008447651699436
11663.516444258023 0.6088332840350957
11664.823157755856 0.6106219866563488
11666.129512195816 0.601283704614601
11667.435147704533 0.6002159328508515
11668.742025174763 0.606399132939904
11670.04759240022 0.6115786511672779
11671.354738066568 0.6085600478748351
11672.660105860832 0.6117092509023413
11673.96518656008 0.6207973151966486
11675.272657105974 0.6237651124733521
11676.57885793739 0.6219776461650941
11677.883435616865 0.6208631811559421
11679.190207511165 0.6275431636947283
11680.49757518296 0.6330497407603715
11681.803072154311 0.6300078854012071
11683.106870682801 0.6233718061325567
11684.411808183433 0.619938332184444
11685.71768424239 0.6257180072583295
11687.02334085086 0.6339936535657955
11688.328496116705 0.6374702370623712
11689.633226871267 0.6438551765955882
11690.942308736096 0.6428474526486946
11692.246815173547 0.6354756329211467
11693.549605085733 0.6311757783870084
11694.858040169689 0.62537654946278
11696.163205757171 0.6361050330592053
11697.470774497435 0.6479012359518003
11698.772804871398 0.6477644230637929
11700.07969678371 0.6457999486387164
11701.385369138108 0.6375931033451102
11702.692072085569 0.6360003100207352
11703.996018389793 0.6205167053932501
11705.301542802174 0.6366692940177817
11706.60462470962 0.642913953324666
11707.913669384625 0.6505776466883509
11709.217480591848 0.6402599976373583
11710.521916896116 0.6386917837305275
11711.822199882114 0.6338919854774725
11713.129768343299 0.6457273006773907
11714.436539490789 0.6550579547849968
11715.744611167062 0.6572587496642303
11717.046386498834 0.6493394546789818
11718.3531763301 0.6475062118298814
11719.657795682335 0.6517203477595962
11720.964606985275 0.6466778845005473
11722.268079167361 0.6392476159877172
11723.572974526327 0.6395421133650113
11724.874639636146 0.6428621071023155
11726.179844860586 0.6491111237992842
11727.48781511212 0.6574680685005477
11728.791433722246 0.6549876230445693
11730.095962008072 0.6551695611307897
11731.400333723752 0.6582549695934932
11732.705545393874 0.6614277976987835
11734.010647945746 0.6551471696533743
11735.316713261818 0.6566994594582037
11736.621565009838 0.6449686927901185
11737.927261989826 0.6298620938902929
11739.22965239351 0.6130237415546991
11740.529933140626 0.6030385546201915
11741.835726203592 0.6090069154691742
11743.141696193745 0.6283052097571529
11744.446842155945 0.6479060443444203
11745.748225739711 0.6480023109168336
11747.057464952852 0.6730793786044658
11748.363014196311 0.6695484303345403
11749.665834467449 0.6609400267232846
11750.968145959132 0.6558881007573593
11752.27043273139 0.644105005407917
11753.562004560361 0.6336615507345249
11754.86823998856 0.6276500306197231
11756.169564931724 0.6319119266793457
11757.490918657248 0.6433342909885774
11758.7991817445 0.6495101070903668
11760.103004238814 0.6584589830295752
11761.405349605267 0.6809943300249088
11762.709523070764 0.6819272232828586
11764.012816772492 0.6819461934100391
11765.316372185518 0.6802369761471749
11766.62086492475 0.6800489053576776
11767.925874315562 0.6806541019071308
11769.232919132312 0.6745490031687095
11770.533789179544 0.6789837996536252
11771.839783446438 0.6753937992911562
11773.144357518639 0.6698286970909084
11774.447551392861 0.6471845880938164
11775.751870959288 0.6214881242121438
11777.052141051288 0.6173652149520937
11778.356423975321 0.6282996072748478
11779.662097606246 0.653739592146587
11780.969680512844 0.6671789220612874
11782.272988674844 0.6663913413341017
11783.5735829487 0.6628715198197102
11784.878105363174 0.6641921835388448
11786.182837522647 0.6778127054424296
11787.484361153185 0.6824372912686837
11788.788979511808 0.6855755200001202
11790.091022664652 0.6881525634860233
11791.397410606984 0.692868890074329
11792.700533898655 0.6881875748266919
11794.00690769815 0.6736025589553327
11795.309227624748 0.6544214387408485
11796.610487904327 0.6591028129292025
11797.913588554695 0.6651977253082035
11799.238468650416 0.6798423686578547
11800.541394152015 0.6902110519715817
11801.85681016102 0.696769415119677
11803.132826750709 0.6898600003841838
11804.435066000075 0.6771786719804693
11805.735379503756 0.6944340046216293
11807.03972686755 0.6938313828383044
11808.344548308964 0.6939296070397202
11809.647259245618 0.6968621643364554
11810.949603548006 0.6943139156250202
11812.253624886413 0.6838904050136086
11813.556592130743 0.6820725762302173
11814.862224305194 0.6884381487978605
11816.16453123252 0.6639533232705089
11817.467518041753 0.6259009482668474
11818.770007136509 0.6138460813004384
11820.07532516238 0.6185821405958445
11821.376211360326 0.6322029560220859
11822.678961392705 0.6570561323498625
11823.983254913284 0.6816714890309239
11825.284712470233 0.6892821647805242
11826.585035955028 0.6802493192960661
11827.894141471266 0.6932817956354993
11829.1949987883 0.700681699624967
11830.49993419628 0.7045321960610724
11831.802398145237 0.707563133852456
11833.1037967327 0.7099541982973505
11834.407984401794 0.709559495059728
11835.710696084234 0.7043724226956007
11837.014082015112 0.7040321328110062
11838.318806842073 0.7038082516188575
11839.620322597093 0.7050713973976749
11840.926233107088 0.694092632922785
11842.226275435994 0.67036392922017
11843.529918234979 0.668310230156382
11844.834672198152 0.6816720574999872
11846.128840646481 0.6849406078926732
11847.427717962488 0.6862381761897716
11848.730683990583 0.6769562031442833
11850.041928479053 0.6698793589232267
11851.344098346677 0.6795668490430299
11852.647345246187 0.6930469454712216
11853.953286819327 0.7088685908044222
11855.254525098195 0.7189913548378825
11856.557764233083 0.7210295596255542
11857.867212371239 0.7180399936714499
11859.170122456453 0.713475283640689
11860.474925430068 0.7187070760638458
11861.76910272601 0.7204970395875803
11863.071580555723 0.7179507111715957
11864.373032472926 0.716057210875635
11865.673178604242 0.710520585144367
11866.97824900954 0.7115507251618179
11868.282493861021 0.7133522189016303
11869.583352608255 0.7207263481002518
11870.869924658606 0.7166953288072436
11872.17243064273 0.7267358245071496
11873.47639164442 0.724929085608496
11874.7963480903 0.6907057127600125
11876.095330551736 0.6719077456656162
11877.430194405084 0.6749017861486237
11878.734593840201 0.6673588581406544
11880.037669747206 0.682644216818786
11881.337466855182 0.6766029126222084
11882.640744884458 0.6712618193506441
11883.91147068004 0.6764165059195651
11885.212846142227 0.6931053287882646
11886.515308167682 0.709046964546814
11887.816259820811 0.7123648075786023
11889.11937673733 0.7218790453687365
11890.422225836692 0.7125932720725106
11891.723225793905 0.7017395688684712
11893.02351401861 0.6993768249377555
11894.328924924981 0.7165101242347581
11895.630970817692 0.725108277023213
11896.934359450293 0.7202987770357314
11898.23579830785 0.7137578295263837
11899.53967073273 0.715931019537929
11900.838711951223 0.7150915759274206
11902.141357253578 0.7108085341117103
11903.443765096164 0.7181332352852492
11904.746874228718 0.7163468515929714
11906.047365185897 0.7196628192977669
11907.34961135752 0.7135240156948458
11908.651982542364 0.7163352868790533
11909.950692411405 0.7165716118360271
11911.246576182939 0.696906378674767
11912.550072134258 0.692217667769369
11913.85683894478 0.6826956394143857
11915.155733317783 0.704208523195303
11916.458586537012 0.7100072462987616
11917.76632326326 0.7163325810975466
11919.067174932125 0.7139808282803153
11920.370718119824 0.7254614876871347
11921.672296071201 0.7334496344406105
11922.972306135818 0.7364272592211185
11924.27452453254 0.7326400099437992
11925.577119051342 0.7314352292374723
11926.879569668794 0.7281975506637399
11928.179043920543 0.7324723988320735
11929.480474738548 0.7256716353574348
11930.782859579387 0.7220398605165731
11932.086403350053 0.7214333820043766
11933.385972618269 0.7026972772874175
11934.687611848009 0.6929744060362543
11935.990042846795 0.7073418735661481
11937.290509124403 0.7216883187100969
11938.594258680914 0.7317887582787984
11939.894106865404 0.7358123271756033
11941.195216784254 0.735607961696226
11942.502596552022 0.7250478696960715
11943.805834531482 0.7152929189068864
11945.10164380305 0.7316381301154785
11946.404147650455 0.7265535086513688
11947.704385725074 0.734320919962161
11949.005557853112 0.7259552271171629
11950.305311759434 0.716195136264822
11951.609636470946 0.7188749461498924
11952.909674294617 0.7233770817643798
11954.211445685682 0.7170288327483815
11955.512447305675 0.7191311458862737
11956.81588663606 0.7217423261942753
11958.116271008092 0.7257730831505342
11959.400575414013 0.7347077532184669
11960.702141965723 0.7350250308675071
11962.000425356637 0.7485480260317383
11963.299501440952 0.7416352677982418
11964.623104410695 0.7270338791144262
11965.924577128715 0.7357134888170622
11967.225205734729 0.7395380365205286
11968.52497664441 0.7330281055673685
11969.82737687536 0.7357661804037198
11971.127735227246 0.7365933334782148
11972.430259320523 0.7316986148375441
11973.730748087552 0.7225954448803323
11975.034060938231 0.7044140131459751
11976.333213918842 0.7113458403171753
11977.636079551465 0.7215707355226204
11978.933570504802 0.7296331106599053
11980.190060324632 0.7361053544377604
11981.516280887598 0.7427367666621156
11982.819041746014 0.7457756165386528
11984.034394888375 0.750525893489644
11985.335640354842 0.7280998701945975
11986.635853193755 0.715986735048578
11987.97516702363 0.7069783930820299
11989.27173294349 0.7182574512550478
11990.571539913559 0.7003990267129131
11991.896680410684 0.7244660658178393
11993.199569843902 0.7383173146808089
11994.573118359396 0.7334346803928512
11995.912505038463 0.7377478784746072
11997.201201545175 0.7339036698722309
11998.464664544948 0.731734798559407
11999.75412547982 0.729955567322801
12001.053657935568 0.7259192254048856
12002.35482559799 0.7244008312383546
12003.658703247513 0.7238545635569194
12004.963488727983 0.7277571004743489
12006.267371761904 0.7275731596585943
12007.562552353333 0.718208301158087
12008.858228566509 0.7054375147001773
12010.152907950185 0.7260457174192536
12011.44857295638 0.7155997773495864
12012.760011013625 0.7201735060523111
12014.06226311643 0.7274674463996408
12015.387519632146 0.724776057852819
12016.688317034157 0.7158202039379972
12017.962825361174 0.7039247689501184
12019.26270182079 0.7023351511201604
12020.5647200658 0.7204426762347241
12021.86618250689 0.7387602458981403
12023.167408358975 0.739549574116939
12024.468021658762 0.7361304235978151
12025.76468616966 0.731371230423705
12027.05299521203 0.7379418910396787
12028.353960765153 0.7373858939888392
12029.653386706132 0.7354289169967742
12030.954880558338 0.7339905078508386
12032.270857032665 0.7294462646862045
12033.572634426237 0.7236413721670318
12034.87607253662 0.7113014421927215
12036.158822918247 0.6813733592446114
12037.451591482737 0.6583519272482014
12038.750380414416 0.6634150535224074
12040.049798330288 0.6779044251854193
12041.353012564314 0.7101465441222476
12042.655112710117 0.7351573246493371
12043.976284191505 0.7337847079543316
12045.277533871222 0.7382348544905182
12046.576018053627 0.7377866982830307
12047.87788518499 0.7350551119365377
12049.17831112167 0.7154744513685051
12050.476326656242 0.7029916267558466
12051.775830611456 0.7156183981970552
12053.02355401684 0.7391969909784136
12054.323315901514 0.7500190032827723
12055.622604721175 0.7570120315394732
12056.92353386441 0.7595418800927175
12058.235671841305 0.7601689324306299
12059.58164516913 0.7600593722406298
12060.881352050894 0.7581797351460474
12062.180713713933 0.7562128234482529
12063.482728235982 0.749454002984952
12064.781897366063 0.7437100050146932
12066.083002537023 0.748938198529615
12067.38309332174 0.7498862858590791
12068.68164759552 0.7516377955343072
12069.983481354348 0.7403412779725164
12071.282134124724 0.7454505399714332
12072.582054645127 0.7420844881930091
12073.883685499173 0.7321189026418808
12075.183411721498 0.7378644105926601
12076.48411828439 0.7511171514065663
12077.785353167357 0.7600792424394323
12079.086746566947 0.7454602045663948
12080.384368722347 0.7464737353510675
12081.684159391034 0.7458083886736964
12082.984626053092 0.7594170332609385
12084.283672196487 0.7616543579068134
12085.584923392196 0.7645399372755346
12086.884261478635 0.7668248889501651
12088.184222644522 0.7697450623788983
12089.484271010364 0.7593064241906251
12090.785314550278 0.7427465062685917
12092.085125016763 0.7484231634294037
12093.384550425111 0.7617109394531786
12094.685303731534 0.7788989688498446
12095.987203053943 0.7756137701129134
12097.285039288156 0.7749136355453251
12098.585468909338 0.7663412152077861
12099.887480302063 0.7585654997557452
12101.186456061103 0.7758923619720102
12102.486033398276 0.776795784433315
12103.78633177996 0.7872358045929156
12105.08420970316 0.793315220162332
12106.3850365692 0.7950802693016532
12107.684622767365 0.7848866012634266
12108.982426112772 0.7717254631043752
12110.284016655349 0.7827380834909586
12111.587185188348 0.7752825419956735
12112.885565483604 0.757423226610218
12114.18612931593 0.76488806520174
12115.48775424973 0.7662726723631678
12116.788063368222 0.7808344980049771
12118.083748427072 0.7905300036496141
12119.382923147903 0.7935209430781432
12120.683317880359 0.7806490584329715
12121.981628160396 0.7764337975160966
12123.282005945948 0.7686606230853588
12124.598762510688 0.7856840857001945
12125.905154214268 0.7939475381651083
12127.223886745405 0.7884874684813835
12128.538104121475 0.7923348565395089
12129.855941784908 0.7850896209391329
12131.133215304233 0.7757781950161795
12132.432597267672 0.8088211385092987
12133.712797879469 0.8107833747897567
12135.003811551016 0.8108360645435626
12136.280852884318 0.8057194058619508
12137.578356721364 0.7977435481606697
12138.880622395402 0.8027894654366151
12140.179508445082 0.8046320777341928
12141.47799781652 0.7994365596280143
12142.779045082496 0.808743826976967
12144.078243572018 0.8082566653509479
12145.376523470462 0.8008710421500437
12146.67757229552 0.812111308803721
12147.975553098564 0.8074916958306254
12149.276495433549 0.803572861572366
12150.576424775363 0.8108676275269794
12151.875072961646 0.8159974041015323
12153.157680504532 0.8078314787335615
12154.444075805173 0.8152717483345342
12155.744229532851 0.8196982694258039
12157.042787459246 0.8242858268386433
12158.357608559538 0.8278848866025972
12159.646053718916 0.8285294674837672
12160.972518020864 0.8322661993010697
12162.271583807797 0.8268369501098902
12163.570389859195 0.8213664249301985
12164.86700515307 0.8093241075575496
12166.172119048506 0.8069755474138584
12167.463865752281 0.8041219247554122
12168.761844755927 0.8158612351609941
12170.061850836772 0.824329310817326
12171.367649657112 0.8298979088074588
12172.666548174846 0.8337773030573911
12173.969711498912 0.8317635196971244
12175.267809989351 0.8375331839505683
12176.567439594248 0.8388552730146782
12177.865839217906 0.8327216755898267
12179.165307291385 0.8317244539251096
12180.463654903251 0.8267006554346567
12181.764226520196 0.8207747458048867
12183.06455439545 0.8267275377856653
12184.361340103433 0.833252132955467
12185.66121066929 0.8316883695330931
12186.959152971538 0.8290707540522898
12188.26189228932 0.8245411411210015
12189.560447713158 0.8185587210149748
12190.859698496299 0.8182872671935731
12192.159471887499 0.8221739006940976
12193.457697683705 0.8263709665887654
12195.168187406756 0.8302348515638832
12196.137030842907 0.8270377890248738
12197.383183815284 0.8287211374504441
12198.704429719663 0.8329871708415422
12200.022221239407 0.8227502946236077
12201.322238841767 0.8250054237279535
12202.63545280029 0.8241060672727507
12203.90786669684 0.834935764331605
12205.579651412447 0.8381117459241906
12207.108695727 0.8402662173758182
12208.406640569636 0.848150308160139
12209.68877573162 0.8421066872533643
12210.965042992379 0.8430743420845186
12212.270793956966 0.8409793949513737
12213.598748225271 0.8460226946240486
12214.902069973878 0.8355010538438062
12216.202449635519 0.8292334782645774
12217.502198386479 0.82394009279214
12218.800068177776 0.8282331518987306
12220.100017930077 0.8393445615365825
12221.400940932388 0.8379967851469701
12222.699958280107 0.842376877671708
12223.998245679419 0.832995644114431
12225.297211631974 0.8298994276096746
12226.591750784995 0.8298937746753888
12227.892696167208 0.8346529287431995
12229.194877207892 0.845699108824828
12230.49324134968 0.838326729415749
12231.791453968424 0.8451269812100781
12233.090042722677 0.8398515804335296
12234.390462170577 0.8435035028633887
12235.688418447638 0.8381243875526225
12236.988465952061 0.831994302079243
12238.287144739154 0.8359802112022418
12239.587555929551 0.8441152440403644
12240.8861607169 0.8483375240459989
12242.185266224304 0.8424870129873726
12243.485383983996 0.8447216117946976
12244.784096102714 0.8446175575588439
12246.082210474815 0.8501088145959901
12247.38087709446 0.8485008060127036
12248.680914743885 0.8412062616803103
12249.980435700232 0.8426339082539146
12251.276741898377 0.847364650507976
12252.574644515642 0.838688451950578
12253.877057846348 0.8411033212925889
12255.17390970973 0.848598291174569
12256.474819171288 0.8485545772861213
12257.773483595403 0.8483682161757955
12259.072830240724 0.8438492862668892
12260.371785249195 0.849692754071179
12261.668262556364 0.8478275573230217
12263.20931303773 0.8525776288045543
12264.90950195934 0.8490658900899595
12266.207748867386 0.8483464250885088
12267.506111971685 0.8485230706015643
12268.80700210879 0.8419378316335254
12270.105599641518 0.8427752008467525
12271.405132682208 0.8432686162473878
12272.703340755428 0.8493557161328847
12274.001486913163 0.8468399221042416
12275.300059172678 0.8421373859937801
12276.599800967235 0.8543788862013871
12277.897779800336 0.8533879859838855
12279.197423445778 0.8468672593707534
12280.49589320184 0.8537060448443665
12281.793326896677 0.8518776387006461
12283.089089289953 0.8444097741806157
12284.390634922078 0.8545860716503529
12285.688357486326 0.8520525791627295
12286.990920685826 0.8538396333799635
12288.288248245643 0.8445063707558386
12289.586336392234 0.834381819316631
12290.887711960491 0.855353637570019
12292.185305008032 0.8549228151820057
12293.484117615653 0.8474378373991951
12294.782136281146 0.8529189351796813
12296.073701454594 0.8548843486596424
12297.365118163454 0.8573646138249282
12298.643480355937 0.8546507902674029
12299.921027987966 0.8547254793074465
12301.219502638656 0.8592258013750479
12302.539073711008 0.8541074906278431
12303.869507510304 0.8539209986406532
12305.172767902972 0.8591665250100544
12306.470935589583 0.8628770254619612
12307.771214803659 0.863360215593694
12309.069001895024 0.8626248855785539
12310.36899940657 0.8610107832036651
12311.667007541559 0.8608901668348082
12312.96559734611 0.8597442693104553
12314.264558012974 0.8625379492416525
12315.561708737394 0.8657576318923975
12316.860375777023 0.8632728833335007
12318.159796390837 0.8582797017160657
12319.458535072128 0.8656838992929006
12320.759338655276 0.8661065601335732
12322.05548461799 0.869904029933907
12323.355759985312 0.8692078747779012
12324.654089137975 0.8532140275340546
12325.953095835832 0.847818423991054
12327.251685359022 0.861067181715703
12328.551049122441 0.8553492376761547
12329.849791734528 0.8646562689366186
12331.14944849722 0.8608029771429766
12332.44598892104 0.8597697872216311
12333.757647914299 0.8511683562905242
12335.057079787877 0.8471520283156566
12336.354362746548 0.8399732671534015
12337.657915367692 0.8449300331234352
12338.958407123777 0.8506671949843312
12340.253444275299 0.8542308281906481
12341.535876891721 0.8723419551637014
12342.836048504854 0.868876423359618
12344.134106110216 0.8687245350277799
12345.433876544854 0.8681971368408232
12346.730367969307 0.8679988164938915
12348.030515850814 0.8694202805688436
12349.328092313574 0.8651398110358952
12350.629501126425 0.8631149972319345
12351.928773934242 0.8598755389646217
12353.225752068229 0.86918779177632
12354.522057848451 0.86033178663047
12355.822498885218 0.866105825455227
12357.119715897168 0.8739653539193182
12358.421099308045 0.8746968142478528
12359.719603587248 0.8769755615711531
12361.016879199371 0.8728869226156961
12362.315582914722 0.873529964207867
12363.613092131221 0.8760763404691012
12364.914791001802 0.8720265249121986
12366.211239346561 0.8695641392815388
12367.511126616066 0.8680351182302819
12368.808011403535 0.8697756825811644
12370.106045863933 0.8735956662339179
12371.406290617215 0.8709769718748179
12372.704900891993 0.872765831575026
12374.00254087125 0.873146059900315
12375.300543514133 0.8760499293821249
12376.5991012144 0.8760028209372518
12377.899165118397 0.8768282840982509
12379.198584065583 0.8689599665657554
12380.494707067384 0.8756851495076846
12381.794614625767 0.8703485797589671
12383.104063891074 0.8727002998890803
12384.40150025029 0.872172622322794
12385.688872591893 0.8708389807824113
12386.975464310159 0.8737619616183894
12388.253780031275 0.8644399176993467
12389.588402406513 0.8649354116044833
12390.884485783603 0.8759088101215885
12392.183042853043 0.8703780225312999
12393.481426083194 0.868164989975021
12394.779375805607 0.8713495024196338
12396.077387839136 0.8734503643854842
12397.375726314085 0.8649283846732808
12398.67445852252 0.8648863949069279
12399.973446006363 0.8690291881764955
12401.272826633258 0.8690620837549669
12402.571975463516 0.8587431509104108
12403.872784716357 0.8579895973675321
12405.169489265609 0.8619757271294844
12406.467936712801 0.8640587601784273
12407.764970930246 0.8635092872277075
12409.06435630632 0.8652689333081734
12410.36110755543 0.8682466360652801
12411.661157826124 0.8677998274842611
12412.958739558606 0.8596395523447861
12414.257724370662 0.8586142979069523
12415.556985881578 0.8595039896261244
12416.854592705802 0.8623552366319633
12418.153833527938 0.8609670263219434
12419.452019626748 0.859219306069424
12420.750146753093 0.8625750747753801
12422.048999735753 0.8548631493291706
12423.348857966957 0.8615634066490799
12424.645050030193 0.8485308685204884
12425.945361397553 0.8548325694653642
12427.242024161194 0.855454784690867
12428.542119254033 0.8587017970163275
12429.841112525863 0.8556843954353262
12431.137563805434 0.8504068268393985
12432.43588881321 0.8517067788845707
12433.733809069001 0.8525082164504827
12435.033971544442 0.8560947707347835
12436.332739236375 0.8504357666026099
12437.629018927684 0.8512318809352643
12438.931242012704 0.8472536470020974
12440.22824745526 0.8493110648546837
12441.523618044223 0.8480471727215076
12442.826086805204 0.8485798696890893
12444.13893555925 0.8461080210435217
12445.42033633698 0.8420492016654836
12446.71946905373 0.8437728596051399
12448.017781161334 0.8497449032583678
12449.316700101224 0.8444890908853772
12450.61522776637 0.8471361335999881
12451.91263463104 0.8416466809256791
12453.213742441394 0.8319443108241165
12454.510146054077 0.8344466941829067
12455.786134565076 0.8411505239819647
12457.086212910814 0.8415258167373216
12458.390794840301 0.836329547605545
12459.70420066047 0.840505145504724
12461.002138760576 0.834318206538284
12462.300126200547 0.8368670058938374
12463.599379836305 0.8275616383270716
12464.898062879762 0.8268935740016076
12466.194843434947 0.8130296300912916
12467.494678401466 0.8169880029733885
12468.792713263234 0.8195051037073594
12470.094271806485 0.8025257448603885
12471.384258451024 0.8086991237307977
12472.688334154149 0.8238036779015726
12473.985357675256 0.8216957134197531
12475.284037116851 0.8252388093120421
12476.585482850063 0.8236779101539938
12477.881842157769 0.8218136489190697
12479.179777662155 0.8272069970472955
12480.47824853708 0.8275220455990692
12481.778060700091 0.8143064051204955
12483.074767275211 0.818108956727509
12484.375224478177 0.8288220061887217
12485.673357921893 0.8239544500500846
12486.972076708207 0.8236662704942525
12488.269543787857 0.8228427030114082
12489.568666599891 0.8184603427791823
12490.866869442076 0.8169756268269078
12492.164818680283 0.8120832553174554
12493.461293512624 0.8077476081613303
12494.762626808957 0.8163472848085521
12496.061291660555 0.8145339831135504
12497.360785367138 0.815753394803306
12498.657635062222 0.8169594695019573
12499.956902881902 0.8116008836002921
12501.25470179781 0.8152409503160122
12502.552102989246 0.8177780646373498
12503.851584919554 0.8185498316045392
12505.151680044488 0.8169517001687975
12506.447953409937 0.8170068991806827
12507.74765964809 0.8145367703433392
12509.046290647246 0.8140768224687098
12510.34386679743 0.8080354232258181
12511.644255438028 0.8043817102540359
12512.940803913558 0.8114737192958057
12514.239183960224 0.8134870205163499
12515.537789161235 0.8098179785628871
12516.83654812006 0.8138874939817274
12518.133271342129 0.8105544945930208
12519.434322498813 0.8117948901033422
12520.731704209109 0.8143220074688827
12522.030850254223 0.8128601283144141
12523.32896992751 0.8109119025969768
12524.626676394642 0.8049999939975624
12525.926066514054 0.7980131160503485
12527.224987051019 0.7995419799687538
12528.523279493633 0.8051151957533258
12529.823523590092 0.8105004362942659
12531.120530642695 0.8064329620267251
12532.41850508254 0.8121534018936603
12533.717422482123 0.810533778625067
12535.015202885445 0.8133588594560577
12536.314101541639 0.8118266552749853
12537.612800533458 0.8118687783599513
12538.912913794293 0.8078877553486771
12540.206597935907 0.7901194952521907
12541.509174350727 0.791115774997895
12542.806402711845 0.7992958765966613
12544.104567150074 0.8053910504878944
12545.40287941913 0.8148340987975468
12546.704924016043 0.8054042013141592
12548.000182042388 0.8156744659261043
12549.298689975776 0.8131242216540269
12550.597159378895 0.8129523043300674
12551.896624461822 0.8190973230797703
12553.191924969364 0.8146163488386235
12554.491470505882 0.8117109605970634
12555.7932785829 0.8060161550269516
12557.090105524265 0.8004917511156553
12558.387465328793 0.795236514601741
12559.686242572003 0.8123826721771005
12560.98692827884 0.8074568885451647
12562.285488034371 0.8108860633656347
12563.580880745929 0.8212368699996331
12564.880891324476 0.8184748077543161
12566.179416185483 0.8192539501588951
12567.478208299053 0.8226224209191433
12568.77672925388 0.8259544310623642
12570.076056499101 0.8177782318782649
12571.373251282484 0.8147712059786295
12572.670227752436 0.7921970911823158
12573.968823827718 0.778819490877192
12575.267985661865 0.7991708851990534
12576.567453968004 0.8109935480555347
12577.864550913604 0.8262693493195273
12579.165170118253 0.820377771887812
12580.464491465384 0.8248775688166531
12581.761705458604 0.8302985048851903
12583.059219788054 0.8272332541148109
12584.358176352112 0.8260821985637659
12585.658390283563 0.8266391127317626
12586.955829111748 0.8291686717683368
12588.254068469258 0.8251182669944667
12589.552853438014 0.8047881902292305
12590.863303940749 0.7995804040104656
12592.170536071977 0.8122625469440724
12593.47017353541 0.8250630711483679
12594.767563622592 0.8277153833768109
12596.047251382453 0.8311977850788831
12597.34632638617 0.8198599900797114
12598.645046428639 0.8173781078941996
12599.939518186837 0.826185447383898
12601.241213238303 0.831729787100469
12602.538778738699 0.8325204894262833
12603.837104454726 0.8280070520621088
12605.136731232897 0.826321804378495
12606.435427973842 0.8037995396227157
12607.731961287358 0.795083802145113
12609.031339926536 0.8048153884907479
12610.327874567487 0.8051840419688396
12611.628485909083 0.8271711404121506
12612.913568338508 0.8252219936232963
12614.210109512578 0.8234815168276192
12615.50912553735 0.8262060157603764
12616.823247763694 0.8182344673138807
12618.121366034033 0.8243163703514699
12619.4205261246 0.8223149313813666
12620.719904183772 0.8170779117080045
12622.018838834038 0.826286870879846
12623.317397357476 0.8007907958533798
12624.61499753025 0.7874442514196711
12625.915425602565 0.8015820620538776
12627.212272009725 0.8048785855171608
12628.509353908914 0.8125505885719934
12629.809795392046 0.8327993630509372
12631.109250554266 0.8249818414154546
12632.4052163014 0.8208414452017783
12633.705435604545 0.823334954164022
12635.002897958482 0.8048055908543602
12636.304239490455 0.8189767368069037
12637.602799113623 0.8376906837151796
12638.900547020174 0.8289255181336268
12640.199245336287 0.8174129486266203
12641.506241602661 0.7754216785739133
12642.801092369793 0.7398082893906277
12644.103010774936 0.7837247195163536
12645.797557593356 0.8208539791245665
12647.352560946789 0.8343624431798757
12648.651338909618 0.8247051280111084
12649.94905511086 0.8185201175203969
12651.247695809998 0.8149872863022736
12652.54817052172 0.8272585075992956
12653.846143491133 0.8470963607673669
12655.144221470604 0.8432034566262652
12656.441771278534 0.8302753494927341
12657.743351549107 0.8215770591535743
12659.041692203076 0.7950480658211608
12660.343069457522 0.7753438362895869
12661.626273509173 0.8339549278451026
12662.925399092539 0.8506083735244431
12664.222454433053 0.8500801151936412
12665.536550237559 0.8349766759715863
12666.834175405078 0.8268235548073049
12668.131133939976 0.8192981320047429
12669.4294052699 0.8431449182112808
12670.731776257198 0.8650277177596494
12672.028153276588 0.8703587898210499
12673.3291462561 0.8612053992245376
12674.63821911784 0.8451426768784474
12675.937312291324 0.8264282221702653
12677.231992819829 0.8091046984759265
12678.521634907409 0.8584062833067588
12679.82279174298 0.8692476977392334
12681.13389983983 0.8619333142194889
12682.436043281241 0.8157263071918751
12683.733542518577 0.7391560739050396
12685.034869185303 0.679860183135188
12686.315581435905 0.6162179864864801
12687.61320000822 0.6000837635986298
12688.91237514787 0.6274836350222562
12690.211806141493 0.6762819772285483
12691.509556962252 0.7243018592027178
12692.807029002273 0.762846452206552
12694.107674469622 0.7901624224849226
12695.405922515707 0.8023794938630041
12696.70725379561 0.8131464805135097
12698.206627093401 0.8393317357763589
12699.833357921949 0.8501033531675212
12701.100296177432 0.8638260475901585
12702.417805089965 0.8702107332972326
12703.734990544992 0.8917112530935628
12705.035596247671 0.8727096589691278
12706.377517908406 0.8867894706212711
12707.613753410382 0.8624446041555139
12708.413297198973 0.8694488404713412
12709.694529255861 0.8604556346340784
12710.994573262387 0.877568980421809
12712.28156226432 0.8915819953027428
12713.566485943647 0.897840586313662
12714.86631481368 0.89584855780484
12716.168874377512 0.8585496266641839
12717.473846539864 0.8631168702688532
12718.789745903543 0.8609812747013408
12720.08561014586 0.87350363340582
12721.387640660465 0.8898977760951442
12722.686262096453 0.894403897420449
12723.986573038565 0.8943339510000375
12725.286350651268 0.8849317297755178
12726.585134625155 0.8623465075865198
12727.881071702028 0.8633433997852964
12729.181835843774 0.8559255075144016
12730.479353741222 0.8759299607222537
12731.802698489346 0.892283039350873
12733.103122985567 0.8924583541525986
12734.43455771763 0.8731044808685852
12735.733814249788 0.8950803485854507
12737.031428681723 0.8762862904500253
12738.301939948602 0.871638554402715
12739.609723085892 0.8736775374472984
12741.139704514435 0.877314025302908
12742.808455908487 0.8878243422796247
12744.10311918669 0.8859858557491105
12745.405499903225 0.8689961215391266
12746.706417835681 0.8797787063625878
12748.00289456945 0.8762865762566314
12749.302818305687 0.8757811051287671
12750.60129226066 0.8701334094108493
12751.899778579755 0.8782018574436146
12753.077172783702 0.8834038637551235
12753.892724807227 0.8857790490109415
12755.209827221493 0.8975110509279343
12756.5182874786 0.888263991336109
12757.815909274132 0.8824739300712264
12759.113719109931 0.8800796715910895
12760.41455078933 0.8745478369794691
12761.714630876304 0.8694589996408136
12763.238397165827 0.8650340378179195
12764.899173122452 0.8772240680047847
12766.192776160873 0.8826918254230456
12767.490957269323 0.8947067312748691
12768.790720240184 0.8949582622309735
12770.08928098384 0.8799671866745291
12771.389860631904 0.8743350263330355
12772.686503416995 0.8732439596452349
12773.983704734503 0.8774894312664804
12775.283287765133 0.8822184135899594
12776.58615389915 0.8886475422655286
12777.883009801399 0.8801456607616297
12779.182669162346 0.8966368355750882
12780.482993495501 0.8900266735326922
12781.78268879394 0.8788188058343718
12783.081717551408 0.8705081856338401
12784.380428578539 0.8710908625329062
12785.68164420816 0.8735161645073172
12786.9793513486 0.8818113210376787
12788.278229418938 0.8927498158377108
12789.576648415237 0.8948117540096635
12790.87654805655 0.8891379863249566
12792.176876349764 0.8856271622678097
12793.475485222943 0.8845429676664028
12794.77194788938 0.8816933496073652
12796.07567589834 0.8748467499980479
12797.37242841646 0.8832365230340815
12798.670486876248 0.8894020937939058
12799.971127984749 0.8895917331423343
12801.270078301115 0.8916161167910109
12802.571098064991 0.8796475291445754
12803.869525418064 0.882445530785068
12805.16947488897 0.8814383324244766
12806.468532564997 0.8819630476919827
12807.766694924136 0.8830582461989567
12809.067614273714 0.8810114241060645
12810.366551666066 0.885039610345825
12811.664684656715 0.8834019118043318
12812.961794586998 0.8816931321688374
12814.265833559415 0.8838860527130787
12815.56382146733 0.8885495193599576
12816.863978175768 0.8908660996035821
12818.163577914618 0.8845810911576549
12819.462959486722 0.8837239679621672
12820.761882957755 0.8741147599669145
12822.05957149321 0.8764111742912658
12823.360368544598 0.8837741851944041
12824.658697562218 0.8874416915976212
12825.956806590037 0.8884288972713043
12827.25810317779 0.890026668361933
12828.557681964297 0.8855949135167631
12829.854813897215 0.8882062092452155
12831.156316915947 0.8857931059846527
12832.453846309883 0.8847094697891474
12833.754804377968 0.8858804194000641
12835.053608755668 0.8879940477075736
12836.353450928471 0.8905866575307606
12837.653964386633 0.8909732436525672
12838.95267235495 0.8895361341572193
12840.251218155088 0.8831925006554256
12841.55335124198 0.8899616924710899
12842.851597097999 0.8874345764436933
12844.151526517402 0.8873876336754605
12845.45183009822 0.8827085600897233
12846.750883114317 0.8865376003905991
12848.051971400942 0.8820570238916073
12849.348040090985 0.8869459180859598
12850.649531622834 0.8926628415764137
12851.947992443891 0.8895301684809505
12853.248106012014 0.8903169401179556
12854.549741904008 0.8894975677740898
12855.847401269893 0.8878045738100125
12857.146184237921 0.8859905526554249
12858.447381524562 0.8869676248126649
12859.746482529512 0.8890601472124515
12861.04350831084 0.8854542477522447
12862.344772575148 0.8874477127733095
12863.645800540424 0.8905258073445967
12864.946458350469 0.8927324228472003
12866.24276438704 0.8777540367661851
12867.545742455703 0.8864346201043498
12868.843304078844 0.8875836789186239
12870.14430174697 0.8919150051400306
12871.444250007375 0.8904944045125054
12872.744063044833 0.891785453339294
12874.04296126481 0.8854521040371058
12875.342406990145 0.8876473591464605
12876.641345507904 0.8925585100226154
12877.942505198564 0.8920347669234622
12879.24445187756 0.8782484878070645
12880.541167844243 0.8877729198531664
12881.840622457577 0.890602158644793
12883.141119595848 0.8950035062965533
12884.44116750215 0.8868389395842339
12885.739797549111 0.8911780468043501
12887.040053852008 0.8892509936868629
12888.339516359334 0.8847458248453713
12889.640058534444 0.8862670196432938
12890.939811272936 0.8864969883614842
12892.239864005154 0.8900378288987513
12893.538890500864 0.8890704621761968
12894.838553186843 0.8898114477240403
12896.139559796931 0.8917500918007074
12897.438707498051 0.891872031171927
12898.737195142001 0.8897878490424048
12900.035434302501 0.8881618166629884
12901.336992373173 0.8943711866289937
12902.6363494502 0.8903201813738911
12903.933885807599 0.8869450768196231
12905.237279503119 0.8880274988968059
12906.537672898565 0.8906093001975354
12907.838761065497 0.8888200679532444
12909.139866072905 0.8890573626330993
12910.438626746825 0.8901669486940427
12911.738772666724 0.8929103933604418
12913.037005018512 0.8957221545263461
12914.341162105478 0.8953994531780833
12915.639336183582 0.8963083905989404
12916.93894448216 0.8753773281927787
12918.237335956066 0.8869077058730197
12919.53713419419 0.8904122069625681
12920.837976876295 0.8911296945383563
12922.13809469097 0.8956217067961341
12923.436851357608 0.8951468160439485
12924.737752048539 0.8849321611100601
12926.036841520101 0.8921539622581456
12927.336590859468 0.892168032054409
12928.63685333469 0.8922279320839389
12929.93743156008 0.8915102100984431
12931.23674483027 0.894921790766038
12932.537591699896 0.8940505999681458
12933.838025426036 0.8907545076971511
12935.137490186551 0.8972394679054473
12936.436816688793 0.8945121356231418
12937.739568129007 0.8869129485487308
12939.037784885926 0.8897697947169682
12940.338213292625 0.8935514322710176
12941.638420620091 0.890141163600728
12942.953245100496 0.8928628378527785
12944.271168853962 0.8913072841020278
12945.57219755177 0.8972983165066838
12946.852121810824 0.8960842647040779
12948.138788890883 0.894674868388021
12949.439500510023 0.8899674281171086
12950.739756182107 0.8988984988294713
12952.03906703954 0.8936869608877531
12953.340205885057 0.8924235398616748
12954.641727488266 0.8973151010088597
12955.940669946029 0.888890133572558
12957.238730643552 0.8859927079663854
12958.551693365363 0.892227065778819
12959.840032675353 0.896505697663951
12961.131974533391 0.8984247624411688
12962.437644095495 0.8840447966398607
12963.741669718704 0.8921437080051635
12965.042769666463 0.8990902148095816
12966.340694593233 0.89491888305064
12967.64123331204 0.9000485054370013
12968.944586140386 0.8985249447664205
12970.241757827576 0.9036907109176678
12971.543597966856 0.8955833184687836
12972.843100034326 0.8829650293929429
12974.14243537048 0.876660542900351
12975.442029505299 0.8930469819819324
12976.744040679665 0.8970887557054535
12978.045019326548 0.9003592778689148
12979.344150708677 0.8986805463043529
12980.64443724216 0.9006101653550398
12981.947857284009 0.896280598531939
12983.246969108923 0.8956508354727206
12984.54668037668 0.8977124738511553
12985.846125598337 0.8934510335570071
12987.147396993982 0.8980189334660416
12988.447924871023 0.9038118020870711
12989.751847291993 0.8963126056338967
12991.049697833017 0.8981555634713393
12992.351183727047 0.8973808225401201
12993.650921621147 0.889449069493383
12994.950823873614 0.8897863745044894
12996.252016183398 0.8886279298006243
12997.554240555599 0.8891657629219728
12998.853747062869 0.9059600799404627
13000.151755191488 0.9046909915689847
13001.45460298779 0.9083591298839615
13002.754973169884 0.8999189715101457
13004.053457585791 0.8915513479302583
13005.353851418 0.888047805820863
13006.654003514657 0.8936846264770083
13007.9555545737 0.8990443708394154
13009.257352407249 0.8875827402379761
13010.556476995687 0.8938592825570133
13011.856411860665 0.8934308090455964
13013.159003667886 0.9025401862961908
13014.456497951345 0.897544676426292
13015.756465171216 0.8989774491801107
13017.060465750366 0.9117004815440143
13018.35933933206 0.9036460643565539
13019.661596007521 0.9050184066034707
13020.961057335786 0.8970383031606802
13022.26290080708 0.8948602181619167
13023.565123275715 0.8951981671511836
13024.866015932555 0.8958888965843977
13026.165975310463 0.8976622219418154
13027.467164857033 0.8896825596601118
13028.765682126874 0.8869369207613922
13030.067494600917 0.9034779789318901
13031.368213272459 0.909125419848812
13032.669018470848 0.9015765033544433
13033.971957341353 0.8771833065656333
13035.271387072276 0.8814947004509656
13036.5729729893 0.8938650502326063
13037.87125378176 0.8930779439493173
13039.17376600689 0.8869211374562805
13040.473782960577 0.8736444127621599
13041.77577575814 0.8505243261391069
13043.07498022603 0.8408275528430443
13044.37461264563 0.8656475908343788
13045.675481958537 0.8823625943416481
13046.976507623805 0.9026444359944622
13048.27833949788 0.9033084273707658
13049.581420511695 0.9026487960769348
13050.87988179365 0.9059846251356259
13052.17988308728 0.9017803210793967
13053.481193804468 0.8962518093710994
13054.782246170651 0.8834324424046095
13056.079590704263 0.8810504287404533
13057.384019052259 0.8936695605481308
13058.686308155888 0.9022877781840317
13059.986825092485 0.9040104225938546
13061.287283849937 0.9022752128922099
13062.587420900925 0.8958438309995159
13063.888179998656 0.8829062680818697
13065.19203460386 0.8453289649396881
13066.491262156862 0.838882399684193
13067.792202858576 0.8524217421127052
13069.094464589762 0.8655943250567484
13070.395550587167 0.8732796590492783
13071.69678267399 0.8828810095197394
13072.99399613505 0.8867844875875422
13074.298091756764 0.8938456128615047
13075.5954523772 0.8990811105943369
13076.899131552687 0.889040518730066
13078.202910151424 0.8905007509870811
13079.50163838531 0.8461487568125865
13080.802668500615 0.8349475331105627
13082.104089558467 0.8496585976774339
13083.40451751837 0.8706890158405363
13084.7074368767 0.890343606798164
13086.064045601946 0.8932254686575958
13087.365159652389 0.8926130906271817
13088.637658631296 0.8772599255077521
13089.926944090243 0.8787670850706217
13091.18388807502 0.8774170337172481
13092.469831774924 0.8903188787104004
13093.771687022749 0.8836731662226944
13095.07497514075 0.8528001165419863
13096.358765116194 0.8263322547905592
13097.663576575183 0.8254280456025304
13098.979632688759 0.8299265791449234
13100.325022892273 0.8410645453488175
13101.625175972596 0.8671450507134976
13102.925356026868 0.8664632179090785
13104.226453885645 0.8357945439731058
13105.526654964562 0.8274216520102559
13106.829170551051 0.8405230483762951
13108.130606288187 0.8667720354045455
13109.433018319005 0.8724311950180851
13110.742707090956 0.8791452021533082
13112.059033969132 0.8874428992554266
13113.335800169101 0.8873542302100156
13114.636405134626 0.8909021378137092
13115.93830372728 0.8864799492217249
13117.23985155427 0.8871002255031091
13118.540527241645 0.8891952140921563
13119.84363856888 0.8752050365115099
13121.144049751978 0.8547311445200418
13122.448269654342 0.8445406720486647
13123.747351189257 0.8465509891333971
13125.048532490655 0.8620786843064719
13126.34971222795 0.8676303416093003
13127.651578076126 0.8595912093636394
13128.95254201917 0.8400597302054488
13130.256100605437 0.8370443937850277
13131.556126592352 0.8490473150837253
13132.858449431425 0.8621334226728538
13134.161780651813 0.8495668512801606
13135.463214676305 0.7824230166355726
13136.763057093316 0.7602887843712036
13138.064660110977 0.7878903242976091
13139.365436163662 0.826432705911571
13140.666187583412 0.8525346540845578
13141.970021454952 0.8504468608358262
13143.273918836292 0.8451887151949898
13144.571933105057 0.8438834380982895
13145.873641496735 0.8476140501023766
13147.175444842436 0.8356989395429999
13148.476721901168 0.8292426086807863
13149.780001411718 0.8443539165618935
13151.082551483121 0.8468072515867152
13152.383314282208 0.8469334018579296
13153.684053108538 0.8395159529099252
13154.984319041941 0.8244873683620706
13156.287449042022 0.8201642299378135
13157.589817970094 0.8343914290601111
13158.89065060563 0.8503393120829255
13160.238076061118 0.8632191625990343
13161.512204814577 0.8652613593417003
13162.806679172922 0.864885194967782
13164.102802466905 0.8556051199814899
13165.410871766835 0.8545803382726127
13166.711911013335 0.8316908462099996
13168.011376119002 0.7870042044540769
13169.313204338043 0.7484036449074959
13170.638122611103 0.7751639722229451
13171.939029875857 0.8152894705312065
13173.278040187284 0.813998341549649
13174.548248268517 0.8678453915355672
13175.86588906074 0.8615541711222767
13177.120597512627 0.8598631925087582
13178.46194226691 0.8570114920067777
13179.753806813118 0.8625439600316164
13181.05757763649 0.8385094023589602
13182.33645131015 0.8009792563544436
13183.626585401464 0.804200574049165
13184.929601005073 0.8144504436914715
13186.231028065153 0.8112865285002672
13187.531586635594 0.8026225909078905
13188.835482003018 0.8154418761412491
13190.13690616063 0.8349939421044326
13191.439868165366 0.8343810546605579
13192.740069548447 0.8086639640310597
13194.043799161122 0.797729421871145
13195.344537631518 0.8186143234439474
13196.648132474136 0.8383084576192225
13197.952559790514 0.8475589619134776
13199.256679004899 0.7958810153528891
13200.551566794877 0.739613408428904
13201.855847622752 0.7383855901916195
13203.158404842243 0.7530676792961836
13204.45922753082 0.7893826825866973
13205.762890992173 0.8341542372414396
13207.064104333582 0.856274646821414
13208.36712628774 0.8569955149342774
13209.669702439422 0.8494796388633333
13210.973835122959 0.8385587400689272
13212.275944388879 0.8153970079538847
13213.574364758011 0.7772672211309215
13214.878091648468 0.7911976760644386
13216.180188154316 0.8209089579241419
13217.481422347853 0.8483573583767915
13218.785986865201 0.8534876887405783
13220.088443348604 0.8421530434379496
13221.388604969088 0.8359459623643816
13222.69167589746 0.8314461999239245
13223.997634701473 0.8239839271732626
13225.30089622552 0.8250855672569095
13226.605036573981 0.8246162689697216
13227.903336369105 0.8007674414195853
13229.203534520926 0.7822898778179342
13230.50629356119 0.755898235522667
13231.80887508738 0.7514268317418196
13233.110012673307 0.7822163745048274
13234.41388901562 0.8127946420119111
13235.715292527435 0.8466130394539472
13237.018363672774 0.8472886735760601
13238.321783275007 0.8253302907236305
13239.624143723591 0.773802886726899
13240.924252002827 0.7640219355305861
13242.22753403202 0.7666660307755899
13243.53190478229 0.7931306781408108
13244.832710833496 0.8335600613979752
13246.134582455279 0.8468631136939005
13247.439159850033 0.8586110372170088
13248.739323331436 0.8483202581379243
13250.043152158181 0.854786464327991
13251.34698070123 0.8401657887551793
13252.648306365012 0.8167749947660401
13253.95190626226 0.805354785827521
13255.253571057076 0.8094339835476213
13256.555454064915 0.8225224225249558
13257.858333624927 0.827347671161139
13259.160565686474 0.8334265024940016
13260.465824673396 0.8450816895428882
13261.768514070947 0.8341806305997891
13263.07182166984 0.8237191260598834
13264.374255262868 0.8272436818845645
13265.676453530465 0.8341194635984823
13266.979645589636 0.8384277751273179
13268.281067786767 0.8092021906414887
13269.583581846395 0.7752148553689832
13270.885654905313 0.7665309098418487
13272.18963361901 0.789599420623363
13273.490812132804 0.8138130207911667
13274.793869144496 0.8328220486375169
13276.098084568923 0.832306142902728
13277.399868175957 0.8103226323897246
13278.70162478394 0.8123129409574096
13280.005291710111 0.8156369767480421
13281.311253391917 0.7921391988077952
13282.614522416328 0.7396273892409576
13283.911732013614 0.7321187312257353
13285.216412842801 0.7521500146410133
13286.519190990328 0.7330887058078762
13287.819013870381 0.7139886198357023
13289.1254386976 0.7449126067741505
13290.42933988082 0.7409016270551485
13291.728287192705 0.723715620235084
13293.031702459843 0.7417719893368054
13294.336009677469 0.785259402223539
13295.639127753862 0.8171851803753739
13296.945750292034 0.8283104923329697
13298.247073358447 0.8263856608437367
13299.551008610908 0.7870012012861907
13300.850787970798 0.7512821868165762
13302.154446303677 0.754197886750221
13303.458883786903 0.7908965283085407
13304.761758388786 0.8104928489538858
13306.063231495613 0.8070774813593238
13307.366153421804 0.7782142256649335
13308.671564920976 0.7664021155202666
13309.974257721016 0.7603536151020313
13311.28107095091 0.715735766865431
13312.577737138565 0.6550788165532412
13313.879766067248 0.6566791095756526
13315.185625745658 0.7002725408020581
13316.48974914364 0.7229950715390963
13317.793793778712 0.7079171912966664
13319.092874720089 0.69239947973924
13320.397555447507 0.7233588284972506
13321.701638742436 0.7680689331469687
13323.007161929921 0.7279516962769718
13324.305738001556 0.6833218670292978
13325.60778936204 0.6959544657268344
13326.913603738112 0.7516488205952019
13328.215326210147 0.7911828994115709
13329.521123669392 0.7916348921349329
13330.824700738061 0.7976651304140886
13332.125036914811 0.8074735010370993
13333.430224382078 0.807740540166931
13334.73577475882 0.7693243030024441
13336.038818034522 0.6967683388348788
13337.339922301808 0.6590527161597907
13338.644060710876 0.66270235159838
13339.944503242143 0.6858413871946419
13341.248476421728 0.739737331019971
13342.554785699876 0.7843248250357293
13343.858359315394 0.8137651295734623
13345.16121879743 0.8222208187902151
13346.466046614745 0.8031166301317548
13347.770158050776 0.7453822475006177
13349.069471625382 0.7256710587008511
13350.373061690765 0.7591498295294302
13351.676934419347 0.7965814875420407
13353.018029701496 0.8189854208249182
13354.369250808588 0.8266985682992136
13355.678604527207 0.7893190308798205
13357.090137869807 0.7263849540005561
13358.403160647787 0.6435995947206853
13359.740297874014 0.5996493787848706
13361.145225479344 0.6186826103661821
13362.444396666328 0.6613692769197269
13363.740378400073 0.7257531202319664
13364.90267158924 0.8023438443809185
13366.122916402624 0.8263741981157786
13367.393433927398 0.8232382120146742
13368.66551086419 0.7744284170767697
13369.967106368093 0.7282693270181007
13371.23315597927 0.7175194984532611
13372.539788854394 0.7216366430726048
13373.839323379618 0.6854482047690962
13375.142018668432 0.6969897581379544
13376.447978232969 0.729324990626108
13377.754257367671 0.7378049169623936
13379.052739729395 0.6884288443700195
13380.356523305205 0.6930374475771358
13381.65977418159 0.7418181508243342
13382.95727861616 0.7889856144971623
13384.23536232773 0.807688540183173
13385.48786227917 0.7761353597110305
13386.79122655478 0.7332651576768303
13388.120836460434 0.7377059252492684
13389.479880740955 0.7622446578259803
13390.81862792279 0.7409318391860703
13392.125548491334 0.685605892458179
13393.427654101539 0.7100842150908155
13394.70090828873 0.760241756056185
13396.005703162284 0.7926141766571113
13397.336837319657 0.8051893287875744
13398.634006731554 0.7902309285360478
13399.945425158307 0.7159647421145717
13401.22196193102 0.6405561049357422
13402.55879577777 0.6000389903817697
13403.891667475193 0.5643940472376868
13405.170851617804 0.5979976341022785
13406.454000822161 0.6740486845974576
13407.737999025601 0.7359447894550216
13409.043760429211 0.77303351100255
13410.349141078366 0.7797800319531738
13411.656064187997 0.7375765642365877
13412.9801245508 0.6993356609899437
13414.298193572806 0.6667451814942659
13415.61083814337 0.6354577377131542
13416.89835345257 0.6622759044909893
13418.173704031073 0.7099249746696059
13419.476902208824 0.7379804593064487
13420.781346168642 0.7532228048721962
13422.085148557115 0.755684440369423
13423.39090576066 0.7641083725295048
13424.695391036694 0.7547993987189218
13425.99861352016 0.7121311318408196
13427.302367943765 0.6884287768048839
13428.605963925651 0.6881035768064412
13429.910769391225 0.69745207358939
13431.21401052435 0.6884184263661294
13432.516432438493 0.686475482423967
13433.82166957927 0.7031431662458113
13435.12785318397 0.7162906493152066
13436.433557647977 0.6752400682378623
13437.73653573438 0.5950971209821492
13439.039013864724 0.5099437746497474
13440.341233345105 0.4627830964030426
13441.645770706331 0.470117263798103
13442.953614382543 0.4862955292231626
13444.257809884944 0.4624718150191186
13445.560217905015 0.45412045686381436
13446.865584184103 0.4653294126203274
13448.168601980109 0.5307378508603234
13449.471690422959 0.5999380775893903
13450.77848801565 0.6431099218864854
13452.085110960523 0.6455099593647043
13453.391965466975 0.5987716840143744
13454.695425395203 0.5181409884176684
13455.99652578922 0.49451009521526557
13457.304151930764 0.5078024112031003
13458.606141258182 0.5073038173143056
13459.91452808205 0.5256211736913008
13461.216535556347 0.5515645484305786
13462.536946606378 0.5352465666175573
13463.841841283953 0.4640171499241607
13465.140353994984 0.40435247740924024
13466.429707472349 0.4265414533307539
13467.73653744129 0.4769866444269263
13469.039826881188 0.523788627008274
13470.346348370062 0.5351903518183286
13471.651895940982 0.5132018382561946
13472.960533511394 0.49289310162816125
13474.265743350707 0.43758622825025356
13475.570014372024 0.3200897286837085
13476.87129460845 0.20794000792558862
13478.18061083118 0.16796701499121272
13479.482286858807 0.20265643721418328
13480.788883701582 0.2703940157611458
13482.089221132495 0.2953958876698636
13483.391267672532 0.24448478434993953
13484.689647065567 0.23527049654451818
13485.99983876536 0.2809839504019347
13487.304617320899 0.2863017173266209
13488.60317740808 0.2785702415095836
13489.909771512774 0.3056984111105412
13491.217570308685 0.31600034388903026
13492.519560737552 0.3369368703933775
13493.825834689584 0.3706473593569203
13495.13643290107 0.39088246862061543
13496.4427473286 0.3879933220538151
13497.748014668896 0.34603786250677704
13499.052703727613 0.3066567254728098
13500.363479971447 0.27849314117806884
13501.67146310313 0.21142323467365182
13502.969889048381 0.14946471606657852
13504.27318156046 0.13441929179388679
13505.570954761915 0.14404628188754007
13506.874889287943 0.16726654686253523
13508.179740657166 0.2006365698885534
13509.486634575966 0.23275491580464272
13510.79272872607 0.25326573986869066
13512.10207077099 0.23889666212318952
13513.405690049718 0.18711224174234695
13514.707090219801 0.1529777240230368
13516.013493612729 0.13093878151162408
13517.316036172388 0.11860680124386898
13518.616997607218 0.12990865765058482
13519.925814091675 0.17088957600512486
13521.232924409642 0.20942182786883795
13522.54245320859 0.1955889792328499
13523.843763813018 0.14615694402503263
13525.146587759178 0.12471465619579454
13526.453317497491 0.14635545679751708
13527.759994915392 0.16345268414037642
13529.067156053286 0.13638477463911108
13530.366570541457 0.09121000616556364
13531.670753478695 0.07434344179076749
13532.974325365476 0.08985389414811248
13534.286202884758 0.11280994810067979
13535.588230805062 0.10895233280524742
13536.8893579907 0.10591348181268942
13538.197859741644 0.120961254368266
13539.509225711901 0.1187758250949523
13540.81114659774 0.091759647629952
13542.112340945765 0.059112722622585406
13543.417838719393 0.04875107148163278
13544.727485407 0.042272475571138106
13546.027691509116 0.030533524152200706
13547.337478711266 0.021206146075794335
13548.637471755237 0.01650130628330152
13549.944680231414 0.022903134240267863
13551.245990266549 0.03533335279890075
13552.55644487096 0.05687504538672993
13553.865224135252 0.07349465842787821
13555.171890272311 0.06768657798984602
13556.474409742845 0.045056231083623235
13557.773851472703 0.025398621830301286
13559.077599554972 0.027196955240778645
13560.386897357022 0.040338891681695535
13561.694894648253 0.04944306990698015
13562.997870537873 0.061488245500136464
13564.30327002119 0.07343474423126979
13565.611094168371 0.08089988014773986
13566.920573704727 0.08134338099202469
13568.226132251237 0.06516704042959665
13569.530174890133 0.041042112128110216
13570.82876587691 0.027729699941291073
13572.136166584593 0.0317913844499276
13573.442935035677 0.03780823850432888
13574.751611195876 0.03699835770169351
13576.056049318939 0.029338918666650792
13577.355832641162 0.02643389208145921
13578.662995556306 0.0361618361900868
13579.97444637039 0.045502166610308224
13581.277116418974 0.04167078694330127
13582.58312573108 0.02920891535742657
13583.887393814848 0.022621472239861905
13585.19253332951 0.02475174518132604
13586.497657127624 0.026175498674198817
13587.80059303855 0.028326275542483046
13589.112877062935 0.035646729971552424
13590.418177117532 0.03540062440698824
13591.717375617776 0.02845802246590666
13593.02624768745 0.021018763562058347
13594.32986017242 0.013710943312405733
13595.635525163749 0.009961417860035742
13596.934027249225 0.011946863856654411
13598.238908538193 0.018625769564572407
13599.553325535422 0.027493902844799634
13600.863437430497 0.027331511942263083
13602.169958902312 0.02428004983326325
13603.47685551441 0.024169206638064086
13604.780655444201 0.024012442297677728
13606.093112693205 0.019316466004600324
13607.396995973455 0.013572704171895706
13608.69877851415 0.008804348522404904
13611.309267253888 0.009501117461518143
13612.619824368525 0.011438996713829037
13613.927679357223 0.009952792005685239
13615.232196793022 0.0061795693183965324
13616.532569872375 0.0041001800120610415
13620.462090805251 0.005449949653195111
13621.76598735013 0.005924257537793712
13623.070206307098 0.007082990598702694
13624.367490350158 0.010378860767829443
13625.671004150781 0.012257103169983534
13626.977443125672 0.014045774545755918
13628.291066954303 0.01602261312665969
13629.606618976934 0.01913004132642702
13630.903718506155 0.021764971251355854
13632.210954721037 0.023041395930809165
13633.513374523001 0.021501967176104125
13634.813766380163 0.02146612409688837
13636.124963400996 0.02460344916849314
13637.429199072365 0.024863789951569355
13638.735106545628 0.023791091545025882
13640.043413714719 0.02101991044661506
13641.346670649385 0.01895757179390223
13642.651799237381 0.01716466727325384
13643.960625295746 0.017142957812211545
13645.262619484407 0.016944960597076446
13646.579650470114 0.01644200076735836
13647.890044297685 0.017479353808815715
13649.193531551478 0.017265495130739147
13650.498042782478 0.015899621542485837
13651.798988993365 0.017050203766970664
13653.099772318137 0.017744332570422204
13654.408530755527 0.019500131657115807
13655.709670183427 0.02141584527287327
13657.02001948595 0.025329303300917556
13658.327882263102 0.02940109065577533
13659.637497945427 0.030010053998048656
13660.941137003218 0.02332801379712819
13662.274286091772 0.02175912052935771
13663.601781889276 0.025958936364840066
13664.824671879724 0.029414596542658582
13665.56891413347 0.02826303065027921
13666.880274376392 0.03093396249293167
13668.161182734886 0.02921074536050997
13669.445121901725 0.029045812438015687
13670.75168291918 0.02975795539356443
13672.061042747968 0.032421783309115326
13673.35603762041 0.03131742240450927
13674.654944856953 0.030404474983288035
13675.966032381148 0.027454036659004876
13678.578557837847 0.022656197937663537
13679.88733232896 0.024864365926368162
13681.190590755195 0.029559925011600527
13682.50083023433 0.033132104201303206
13683.804550219564 0.035301966802363034
13685.105548139714 0.03577699479083214
13686.414197724378 0.035321972597583406
13687.71775821562 0.03409401203948087
13689.030731358922 0.03025943930162368
13690.331030825273 0.02983780056572436
13691.650057104624 0.03426293703697457
13692.955318653554 0.040491470174398525
13694.262039196265 0.044704736004466825
13695.56804992436 0.043975920017289165
13696.872311164057 0.03791179411113104
13698.176397057445 0.03629305049632658
13699.483730493634 0.0414230291627946
13700.793386930884 0.04646301603294539
13702.099607734992 0.05051286584842364
13703.406800062729 0.05152510941695018
13704.713515622636 0.04764527223850414
13706.017925455011 0.045114800206683785
13707.324032133709 0.04916050924107135
13708.630238752668 0.05309861137064037
13709.934880736013 0.05745755364181633
13711.245356516165 0.055875254840388744
13715.162194556882 0.06295146872577591
13716.46994568116 0.06410820655570411
13717.784645147667 0.06840019551398177
13719.094724296989 0.07083127622402742
13720.397574038201 0.07220390010776948
13721.690659806196 0.07128574686216864
13723.000892392578 0.06438400976303593
13724.307412198936 0.05536889525762733
13725.615934440524 0.06298458712938926
13726.927272397284 0.06983258609576128
13728.211548072852 0.07167711528447794
13729.524184202326 0.0655651497910513
13730.808277373568 0.05015252458839294
13732.101425278464 0.05164212151804809
13733.409744591712 0.06623952394133285
13734.257030403116 0.0751398150800026
13736.712601144713 0.10599169506512719
13738.09051093807 0.07620148707148595
13739.39526916959 0.07742247978032589
13740.704501331329 0.08806167862053511
13741.999762994496 0.09450579325748223
13743.670949675 0.08447073986172833
13745.221519608402 0.08087849894833503
13746.533787802355 0.09758680512506852
13747.333452690858 0.10608802174741344
13748.48733902343 0.10600191534641167
13749.79088808823 0.09461668478712917
13751.096296299242 0.10076575960442796
13752.405280100054 0.11449687274359541
13753.714353261515 0.12205163156210377
13755.024139322402 0.12152759148756682
13756.329750900188 0.11368645027939418
13757.638227214547 0.09597264777113976
13758.941504434772 0.08338917421857066
13760.24773586935 0.0965213233404342
13761.556495692235 0.11426862537393331
13762.865139864289 0.11372077629031918
13764.17223117527 0.11645367713848685
13765.487368375907 0.11906575481433186
13766.801245825154 0.11547758065149491
13768.107084345422 0.11615596107618206
