wavelength flux
11109.98597757023 269.603630391421
11111.305184506176 424.6994300870967
11112.625987148886 328.29188229683115
11113.9466922854 319.5274938879574
11115.266048211563 284.22404336347535
11116.613501844235 437.3356126645739
11117.932148509988 209.22127968106065
11119.22787732759 367.192387444616
11120.57109143896 427.6782331511927
11121.891065025791 422.17867213229556
11123.189142879286 178.3650440760953
11124.52871990363 370.8669575363084
11125.829719568717 339.55289649143134
11127.167066089623 461.9223644437917
11128.468484851423 244.47960334497395
11129.805873227917 540.9297488739059
11131.124333193871 368.67009996007243
11132.443066763431 280.1730196463782
11133.74840047937 281.5703165022855
11135.081024516801 242.62630274030988
11136.399740810404 337.24733304450973
11137.718258402421 262.12029040963586
11139.037149267122 346.54901397860607
11140.347426054233 374.20655736530273
11141.674379474522 248.4441949729247
11142.993201827827 291.7229687564572
11144.311459931298 329.4316244687656
11145.62992767086 134.44219242914787
11146.948488819675 137.6261268114414
11148.2668364072 340.5732483016213
11149.583669581209 339.1667559199351
11150.903602648323 227.27790038181965
11152.221857135917 310.2633746808213
11153.541504527093 223.89003614979273
11154.858230206017 252.60765828201596
11156.179893822928 209.73712898913172
11157.499036374547 144.17559454175688
11158.812767494088 256.72106360902575
11160.137136544898 210.32702540227305
11161.448824705776 425.55772957261445
11162.767018884377 288.58504168149193
11164.093740115371 244.27565220887243
11165.413077443152 111.6680207662813
11166.731832994856 233.3122186608989
11168.037644141834 466.1592206017923
11169.355718768857 429.8082409288839
11170.673932919546 364.88686909001484
11171.99094766455 219.27758358019662
11173.309286336196 358.16926927994484
11174.626801889604 305.57467652686347
11175.96173153039 259.2413535431107
11177.26140179808 490.97399141308205
11178.578940138015 452.8380199783197
11179.916370614937 218.7638953611406
11181.23683332603 299.9308426269254
11182.531209812854 402.7914263700464
11183.874588569402 396.23550115582924
11185.165821095734 392.2724608746201
11186.482902458865 476.50759391796
11187.799537323544 340.24165532495925
11189.117803913907 375.98285408490665
11190.433585747196 325.0595516323759
11191.751070757855 459.59619702319185
11193.068337710292 379.5704110495463
11194.385491057732 460.56280851957314
11195.701839149939 404.51143915036204
11197.019387463728 458.7328676161035
11198.337021766389 549.6417451790169
11199.390311113213 417.36068184732716
11200.970729314613 437.62591889610775
11203.603383438 355.04119392033556
11205.110417701018 255.8807020059406
11207.553886006643 580.2979692687398
11208.868976965518 478.4053927621357
11210.18506863286 445.1064669922231
11212.816641938824 476.1310114592789
11214.137037096883 504.36193479831974
11215.451183462092 593.4802583089418
11216.767742840413 510.57157259673585
11218.08417934235 516.0093659127923
11219.401949723771 427.87703118044357
11220.716799631564 606.4363727814629
11222.03203318076 512.1962557509923
11223.350502615516 422.6131469854648
11224.667003982633 426.7642689615234
11225.981482020901 499.3023476680987
11227.29931297231 523.5074448031825
11228.613346201273 344.98409087248245
11229.92833916353 718.9402785797936
11231.244544749827 606.8264797530178
11232.638150811972 637.7943482267964
11233.878229339118 541.1275858443464
11235.191068052052 586.6403642859727
11236.511009255259 360.4061363366698
11237.822609299055 469.2101307643512
11239.140792488099 426.996620229618
11240.455933665786 753.5775247397437
11241.858795975926 511.95450770120345
11243.088013579125 640.2012827797433
11244.402237563974 614.218253780975
11245.810682364536 623.5203017015401
11247.128301310428 580.3622806512467
11248.348149748732 790.7748554558516
11249.664008532864 728.647835524794
11250.979355031328 589.0619759341843
11253.6094080313 506.2864603068834
11256.348026139636 433.4760849849087
11257.667125331325 562.4718298291361
11258.87017390354 561.8070087163078
11262.817033182637 688.0114102976755
11264.247556592889 527.0998114285554
11265.442753124524 899.2118707581991
11266.760718183206 619.7179425037281
11268.073810671587 787.0104606401185
11269.388380608108 850.0504816341502
11270.703987287283 784.1365198809702
11273.46776109411 638.3207112072421
11274.787489222248 495.5347293831993
11275.961002862194 660.5640742323587
11277.276898408241 669.171891154615
11278.593788301301 722.2134348846793
11281.219992048711 797.4817664692337
11282.68727493541 711.0316502789287
11284.002976228241 693.1068891438557
11285.161117006583 773.3684455039318
11286.635501051218 667.3617523235811
11287.790029123067 814.7133025586638
11289.104398261068 669.8358432164266
11290.420533429084 829.3810786980912
11291.731558994807 884.1743349333215
11293.046730913735 853.5969481026875
11296.98901050929 694.1713860487328
11298.300180417724 695.3791602381375
11299.621720922683 867.6685761386075
11300.928271399998 820.5648877392148
11302.249117653488 885.8665371425833
11304.875294316425 1106.2910208951348
11305.860582171945 1067.2360631716244
11307.171062498233 988.062668846198
11308.485875419621 990.0532441529123
11311.1096469577 1093.8173152007823
11312.426430085325 1114.192567537349
11313.734492178299 1004.9269796271996
11315.381337809982 1206.8042655306597
11316.360663668736 1199.6997957561694
11317.675690851594 1297.7715467655053
11318.984686552341 1206.4857913275468
11320.302653718394 1215.3114842699663
11321.61270391905 1208.651965193334
11324.236389321899 1143.9799640149272
11325.553456633037 1117.2702588781085
11326.866474748114 1229.8452535152235
11328.180154830681 1340.8759708514028
11329.490488571993 1386.2644501485634
11332.116340794477 1257.0759392109967
11333.429233283015 1235.7397333914475
11335.0839364719 1236.688888988361
11336.054450263993 1192.9934572613336
11337.364637024488 1283.2652412420061
11338.680613639104 1270.696368463851
11339.994639593548 1171.4134712249422
11341.304044144252 1295.1811339997698
11342.963554985337 1346.511989027072
11343.538229393278 1171.337347048121
11347.175619894891 505.0647106046671
11348.489906139515 625.4206685148885
11351.121086579673 1228.736162031773
11352.436349060361 1431.4102177417292
11353.750801064887 1869.9893099267213
11355.060546329867 2218.8721838799024
11356.378755670055 2239.910541609048
11357.694722773675 2240.2020241414216
11358.71135326562 1984.2439195054567
11360.021432156866 1703.5922692479924
11361.635446452527 1930.7311972715374
11362.95056013561 2283.2147168478914
11364.265661510797 2733.129246724337
11365.581606468015 2856.768980619104
11366.886193023804 3021.547970971991
11368.20634321118 3143.060730260563
11369.520830239917 3282.6021663206566
11370.83205274609 3448.932583547259
11372.146139347447 3394.8570360705394
11373.462259275215 3238.3962956842406
11374.768858409681 3294.4928752108312
11376.085304570906 3166.557213929961
11377.395769857936 3416.6467599230364
11378.71235976701 3893.6003840689436
11380.02960094978 3901.4685307870427
11381.342233369694 4052.5090901493627
11382.658533885151 3822.4412091101694
11383.969351251133 3475.606086886277
11385.285140263402 3512.1059204062713
11386.599043957372 3958.5506365770493
11387.913445934664 4626.137670983437
11389.225739623496 5017.460182719423
11390.539195149879 5205.159178157667
11391.854219697345 5505.346745180586
11393.169728935343 5559.911058498181
11394.480427207316 5633.123216217758
11395.78977353165 5777.392591016325
11397.101414955523 5440.528419719003
11398.415324452762 4802.899830070981
11399.72528569602 5015.738914406619
11401.036898421577 5515.294182145442
11402.351642794009 6316.726423252083
11403.6665013297 6880.71011167411
11404.978391675717 7162.232405102924
11406.28995232825 6607.4475494680455
11407.600111673117 5872.347487622132
11408.911950570793 5985.896385967047
11410.224883770661 6915.217197326847
11411.539598104704 7637.425839388238
11412.850851363084 7942.712401598221
11414.163106557695 7604.752498831918
11415.47762202242 8003.372982557991
11416.786446136472 8458.665161396546
11418.101099648266 9361.992522344945
11419.414854478604 9421.635607546668
11420.723029558736 9228.560994333804
11421.659402551386 9400.256717682514
11422.691314196629 9882.36959508708
11424.00324227625 11023.79812686785
11425.312981782965 11673.074122113625
11426.623902123301 12028.629508803233
11427.936025170413 12133.267729599942
11429.247872429783 12428.975086228527
11430.559217535194 13559.875359437834
11431.871495988944 14272.776876306847
11433.183392046287 14941.876360117336
11434.497730083049 15154.9236256604
11435.808931814488 14045.068784488842
11437.118204651788 13076.440273244341
11438.429863794103 13755.173197863436
11439.741511579321 14345.768958964627
11441.054808449759 13804.817917581204
11442.36404910505 11915.035786575645
11443.673087294623 12233.642983958149
11444.986063807028 15064.784191721974
11446.298179342164 17784.81220224216
11447.612036735636 17806.61832059304
11448.92035807401 16974.805158204977
11450.231168339697 18010.125486154324
11451.544498120022 19301.682635730696
11452.855073481045 18364.40619093211
11454.16587078097 18752.260904478284
11455.47568601874 20754.363472074543
11456.787649580614 21470.983653376927
11458.099181077916 21887.632619750668
11459.408194281716 23193.497233738337
11460.720060405461 24982.30248747751
11462.031595871049 26385.35102441349
11463.3412447597 25219.664164167607
11464.653527368877 22454.703535385237
11465.960911091273 20437.340236548782
11467.273020344022 22588.78697211795
11468.582643894859 24628.933301900877
11469.892823587648 25930.444651644073
11471.205168028731 26967.484183258788
11472.517271734441 27110.51806311814
11473.827658558854 26721.59503712045
11475.135746971753 26420.148734450915
11476.445288165336 30595.591874433143
11477.754809784758 36229.39895405537
11479.067905033779 41406.439971842665
11480.378158600877 44303.26716732531
11481.689422736736 46471.01866463829
11482.998848055278 47346.77444910205
11484.30963957342 47842.28542478411
11485.620188822655 45470.084232131914
11486.93161105715 39999.32800081876
11488.24083337432 38517.46559607258
11489.55097240621 42874.91734154216
11490.884499862954 50942.17803707154
11492.204444685869 55335.45968668391
11493.505861987736 54821.85091527111
11494.801162128248 49708.61596119255
11496.103226375331 42426.11054452383
11497.411335846136 38211.821038429174
11498.709750723921 40466.887898220964
11500.017642404002 47221.42173527161
11501.327689765298 55153.637215380775
11502.637030062602 62157.369973984765
11503.958504669938 66208.28392950768
11505.270258674409 68601.8485056751
11506.5797683633 65844.1386653553
11507.889937511887 63462.803689987304
11509.198901938664 65210.61061105497
11510.50672109597 66882.12194648526
11511.814805885786 65297.91953568215
11513.124476735115 66568.8837016311
11514.434793852866 72522.46797229523
11515.745694490526 78567.45134067343
11517.056898534593 80107.15246457067
11518.367363891712 74414.90065573787
11519.67187888924 67083.8066636841
11520.982184756293 70447.93456328256
11522.293446883918 77574.59571934756
11523.604245172695 79755.02882767234
11524.915426124799 67829.19232462099
11526.206772616464 57688.98917745883
11527.525519600653 60699.42360943778
11528.83664981027 73937.23697439746
11530.147180937156 87368.68563657635
11531.44901673779 94387.09484245595
11532.764902415418 98721.18277394839
11534.076285785399 99345.58296162116
11535.38252490415 94661.44334868161
11536.689823040846 90947.82336245777
11538.002348087737 89545.71290613266
11539.30776284814 87130.99551544306
11540.617502868376 88481.59303584398
11541.927083837007 90606.34025137448
11543.235833987846 90458.37069109059
11544.54322922817 94731.31925204916
11545.852256998269 103925.89685911352
11547.164268504233 109238.92979950091
11548.47322638867 109144.30228789306
11549.780182338045 108604.92392008968
11551.091726577677 111090.19445229543
11552.398298788688 113513.89242204161
11553.705725262114 114752.10605155455
11555.01541320037 111587.580524741
11556.322296677967 101280.27171982483
11557.629031502856 100527.22147891212
11558.940920820358 107309.22588842416
11560.23918972744 119047.76355115641
11561.547102807239 126455.99463671212
11562.815139739534 125687.89709984964
11564.13260551221 119175.05989123025
11565.440862014375 119052.6065201686
11566.776609185385 125729.32389128428
11567.93200059844 132178.0118724214
11568.75732161108 133937.40265504137
11570.065260930138 134503.5701482867
11571.373277483262 131186.08683982506
11572.682483389357 130769.040924616
11573.990125846536 132738.95764990573
11575.297749792064 132200.74131759198
11576.606572963177 126283.36953205662
11577.913196557749 120949.60195468954
11579.221783571762 123315.64226304812
11580.52977220152 135190.1968716843
11581.83067177725 141965.012736834
11583.1271958963 144936.14226446243
11584.436602677826 142301.61861426657
11585.753143968228 144698.36551354598
11587.070683916405 144319.90433371154
11588.378677806973 137015.0728921439
11589.683143876418 132807.09110027252
11590.994708560154 136628.91777672217
11592.303382116312 144548.93286831008
11593.609282131974 151192.1720031184
11594.916155744497 150105.01236006847
11596.22359417119 148122.08881710685
11597.53052969515 147579.3784967302
11598.839142397255 150879.12994123582
11600.146876005536 150695.59845757054
11601.45341963022 146439.5354066354
11602.760504409076 141212.86698631087
11604.067176985343 142269.76146121172
11605.37198945035 146011.9069784728
11606.679840312705 150464.7559583437
11607.987164752516 155085.65448006548
11609.296631728632 161275.54102466206
11610.60449655017 161371.9947061407
11611.911910187682 161099.9314502477
11613.21869113286 159165.37830560096
11614.525240377097 159306.15376817863
11615.833130753097 161805.38956660603
11617.141306524858 163495.86185909205
11618.4485422055 167431.95491969015
11619.75518391989 167657.73914525562
11621.0619346443 162805.93630078927
11622.366308656085 157050.26060091567
11623.668191700148 154264.56576621538
11624.97959205109 157873.232726006
11626.287408295013 164719.1773616619
11627.595833761276 170744.37085170616
11628.903501028382 173948.70113350835
11630.20992960681 173939.07164559772
11631.516131617402 173920.34695885945
11632.8229255717 174611.82972451724
11634.130954042006 172855.77217861
11635.43742070747 169795.75812277268
11636.74657491137 169538.65185991346
11638.043642741257 170591.8088050629
11639.314110845087 173680.73656863865
11640.594008171618 175543.7620214556
11641.927555455062 178948.77711465553
11643.247030646971 176421.78981354935
11644.529758507908 175648.50047755553
11645.835230425188 178328.59254052196
11647.142069599822 179572.9669764427
11648.476832010378 176977.32222792573
11649.2747770777 173982.92525094457
11650.4584379499 171953.1193867541
11651.764084833128 171077.71146230915
11653.072855041286 172088.47958972963
11654.374722120869 176283.8392507725
11655.68195326204 174121.06329943993
11656.990093040333 170209.9128630289
11658.293513738774 170193.61826790308
11659.599501498276 172039.70063775312
11660.90327865486 174393.43703820824
11662.21280851797 175870.9460543072
11663.516444258023 178185.14555358244
11664.823157755856 178684.42617386382
11666.129512195816 175927.96141423934
11667.435147704533 175591.7721257673
11668.742025174763 177376.6161962834
11670.04759240022 178867.45309386615
11671.354738066568 177960.4874197164
11672.660105860832 178857.197701882
11673.96518656008 181489.8921796641
11675.272657105974 182332.8105124383
11676.57885793739 181785.69867477333
11677.883435616865 181435.43461511834
11679.190207511165 183362.69167682875
11680.49757518296 184946.6000511115
11681.803072154311 184033.01093738538
11683.106870682801 182069.92368955235
11684.411808183433 181042.61029849047
11685.71768424239 182705.73637770748
11687.02334085086 185097.12315932944
11688.328496116705 186086.95270488798
11689.633226871267 187925.3971818456
11690.942308736096 187605.8133577791
11692.246815173547 185429.38322917
11693.549605085733 184149.8381673892
11694.858040169689 182433.1355006715
11696.163205757171 185537.72386531674
11697.470774497435 188952.81071325968
11698.772804871398 188887.42500954977
11700.07969678371 188289.08706314478
11701.385369138108 185871.15600240612
11702.692072085569 185381.72431420445
11703.996018389793 180844.12078993945
11705.301542802174 185526.55414701108
11706.60462470962 187320.9681089519
11707.913669384625 189528.17522206318
11709.217480591848 186497.21537693826
11710.521916896116 186015.28190685765
11711.822199882114 184592.50232931372
11713.129768343299 188013.53683653998
11714.436539490789 190704.4854956439
11715.744611167062 191319.26982882118
11717.046386498834 188988.58374530682
11718.3531763301 188429.51654628845
11719.657795682335 189630.2382395096
11720.964606985275 188137.5730641942
11722.268079167361 185950.78484936082
11723.572974526327 186011.3112411209
11724.874639636146 186951.73012125562
11726.179844860586 188743.50249911458
11727.48781511212 191147.5772160518
11728.791433722246 190400.7249811002
11730.095962008072 190427.88710714024
11731.400333723752 191298.8345527892
11732.705545393874 192194.92930244995
11734.010647945746 190344.20660528564
11735.316713261818 190769.4037677306
11736.621565009838 187336.3367607749
11737.927261989826 182923.77339215233
11739.22965239351 178009.59544088223
11740.529933140626 175086.5294052724
11741.835726203592 176795.48475476986
11743.141696193745 182373.14582821762
11744.446842155945 188037.11641387324
11745.748225739711 188039.72130896288
11747.057464952852 195290.2093136532
11748.363014196311 194239.47301716753
11749.665834467449 191716.27491622866
11750.968145959132 190225.2388734869
11752.27043273139 186782.64494665066
11753.562004560361 183729.60720862434
11754.86823998856 181961.9705912981
11756.169564931724 183172.86494766513
11757.490918657248 186458.37575214432
11758.7991817445 188222.83467307378
11760.103004238814 190790.4025875184
11761.405349605267 197293.4934517102
11762.709523070764 197537.10471434947
11764.012816772492 197515.96062042782
11765.316372185518 196994.33678410744
11766.62086492475 196913.2911855457
11767.925874315562 197061.91962452498
11769.232919132312 195267.97198042503
11770.533789179544 196525.30109076668
11771.839783446438 195459.7980212295
11773.144357518639 193823.0888179867
11774.447551392861 187245.4936905626
11775.751870959288 179786.650347743
11777.052141051288 178569.93674288847
11778.356423975321 181708.13914162107
11779.662097606246 189040.00629219366
11780.969680512844 192900.12599178808
11782.272988674844 192646.44171343264
11783.5735829487 191603.12240656008
11784.878105363174 191958.95788390446
11786.182837522647 195869.00710027557
11787.484361153185 197178.83940304513
11788.788979511808 198058.8526896092
11790.091022664652 198776.5772820609
11791.397410606984 200111.87609681336
11792.700533898655 198733.05224545076
11794.00690769815 194494.951708923
11795.309227624748 188931.17974456405
11796.610487904327 190257.08815386755
11797.913588554695 191990.57858030725
11799.238468650416 196190.46380494148
11800.541394152015 199155.85038704003
11801.85681016102 201020.88097403952
11803.132826750709 199001.23035327933
11804.435066000075 195316.79846067366
11805.735379503756 200266.7827421245
11807.03972686755 200066.01358083604
11808.344548308964 200067.3473034888
11809.647259245618 200885.78002870808
11810.949603548006 200124.24745214256
11812.253624886413 197093.27733048055
11813.556592130743 196542.91648645286
11814.862224305194 198350.4203885496
11816.16453123252 191270.1887401562
11817.467518041753 180283.864278109
11818.770007136509 176787.79209771688
11820.07532516238 178127.74558613935
11821.376211360326 182025.5396091332
11822.678961392705 189155.86283077806
11823.983254913284 196215.77713045757
11825.284712470233 198379.78995504705
11826.585035955028 195753.77382373266
11827.894141471266 199477.11301325783
11829.1949987883 201579.1800661751
11830.49993419628 202659.6016920117
11831.802398145237 203504.0657396052
11833.1037967327 204164.3112335141
11834.407984401794 204023.31107745258
11835.710696084234 202504.5878645204
11837.014082015112 202379.50176970792
11838.318806842073 202287.87656650753
11839.620322597093 202623.68256980606
11840.926233107088 199441.69308491173
11842.226275435994 192597.58207949784
11843.529918234979 191981.69304675894
11844.834672198152 195793.6792945518
11846.128840646481 196706.1934023811
11847.427717962488 197052.399753188
11848.730683990583 194360.93435010817
11850.041928479053 192303.05555237754
11851.344098346677 195057.81958757355
11852.647345246187 198900.27300521792
11853.953286819327 203413.5526705378
11855.254525098195 206290.60909858948
11856.557764233083 206847.56354801482
11857.867212371239 205962.07007407327
11859.170122456453 204625.19914182532
11860.474925430068 206097.91031866247
11861.76910272601 206583.5955020222
11863.071580555723 205825.81995059058
11864.373032472926 205255.39798375068
11865.673178604242 203641.00447284416
11866.97824900954 203908.77386723843
11868.282493861021 204397.50234092574
11869.583352608255 206482.686142467
11870.869924658606 205300.5592135946
11872.17243064273 208148.71365736396
11873.47639164442 207603.28770221747
11874.7963480903 197775.53806964884
11876.095330551736 192367.16336668294
11877.430194405084 193197.73506887903
11878.734593840201 191012.7731864526
11880.037669747206 195361.50131126135
11881.337466855182 193606.60466383575
11882.640744884458 192052.44212482334
11883.91147068004 193501.85306903598
11885.212846142227 198249.38136955738
11886.515308167682 202781.9193434633
11887.816259820811 203703.44655694076
11889.11937673733 206396.3223422846
11890.422225836692 203713.9871252065
11891.723225793905 200584.23368302666
11893.02351401861 199882.05014409884
11894.328924924981 204751.16987497453
11895.630970817692 207180.35742518477
11896.934359450293 205778.49624598565
11898.23579830785 203882.4682301539
11899.53967073273 204475.72430639612
11900.838711951223 204208.60274606055
11902.141357253578 202958.2183621777
11903.443765096164 205022.10291956778
11904.746874228718 204484.61262048082
11906.047365185897 205403.6140736329
11907.34961135752 203624.1438662168
11908.651982542364 204398.9586271466
11909.950692411405 204439.0036544123
11911.246576182939 198801.90785300863
11912.550072134258 197437.84418332606
11913.85683894478 194695.68070786475
11915.155733317783 200803.96634908536
11916.458586537012 202430.26193696732
11917.76632326326 204206.13702443693
11919.067174932125 203508.4163422301
11920.370718119824 206752.99386017956
11921.672296071201 209001.52332724855
11922.972306135818 209821.88916886115
11924.27452453254 208714.80394129537
11925.577119051342 208343.6009569669
11926.879569668794 207393.52053656513
11928.179043920543 208583.0661482165
11929.480474738548 206618.71591778993
11930.782859579387 205557.04699251708
11932.086403350053 205356.78967293535
11933.385972618269 199996.74104800753
11934.687611848009 197203.0228183703
11935.990042846795 201264.6175131292
11937.290509124403 205319.17966477267
11938.594258680914 208164.76167265503
11939.894106865404 209281.26476035768
11941.195216784254 209195.08183669034
11942.502596552022 206164.1785965662
11943.805834531482 203363.08349260828
11945.10164380305 207982.37021221506
11946.404147650455 206509.24463855763
11947.704385725074 208689.01994397264
11949.005557853112 206283.88403864048
11950.305311759434 203483.24772339215
11951.609636470946 204217.1770315936
11952.909674294617 205468.61161967102
11954.211445685682 203638.13252369294
11955.512447305675 204207.81844390463
11956.81588663606 204921.77824494982
11958.116271008092 206038.60960045076
11959.400575414013 208547.46223554693
11960.702141965723 208609.5461634837
11962.000425356637 212419.1321195063
11963.299501440952 210429.3009562677
11964.623104410695 206258.2219168337
11965.924577128715 208692.6304210451
11967.225205734729 209749.3983841342
11968.52497664441 207875.20385045532
11969.82737687536 208623.68912736047
11971.127735227246 208830.2527369375
11972.430259320523 207414.73153355886
11973.730748087552 204806.81973814208
11975.034060938231 199626.81843066818
11976.333213918842 201564.2868388355
11977.636079551465 204434.1424584975
11978.933570504802 206690.74044936648
11980.190060324632 208497.2201204485
11981.516280887598 210346.79687581543
11982.819041746014 211179.08278861418
11984.034394888375 212497.6097821004
11985.335640354842 206120.47429734343
11986.635853193755 202664.18850081123
11987.97516702363 200086.7316975651
11989.27173294349 203251.75974049902
11990.571539913559 198171.6794543596
11991.896680410684 204953.27133641398
11993.199569843902 208843.81007126506
11994.573118359396 207433.3524056048
11995.912505038463 208624.4636801827
11997.201201545175 207509.84727645898
11998.464664544948 206869.69660974338
11999.75412547982 206339.29888516836
12001.053657935568 205170.8851077861
12002.35482559799 204714.31399374464
12003.658703247513 204532.48959949033
12004.963488727983 205607.57837596087
12006.267371761904 205528.0287874995
12007.562552353333 202855.56181835517
12008.858228566509 199221.9293571216
12010.152907950185 205014.55545093707
12011.44857295638 202037.9809220097
12012.760011013625 203301.8615941944
12014.06226311643 205333.39277015015
12015.387519632146 204545.83279833331
12016.688317034157 201991.28065673864
12017.962825361174 198608.56199849697
12019.26270182079 198133.5598667667
12020.5647200658 203214.59320648873
12021.86618250689 208353.51371722933
12023.167408358975 208548.2095778334
12024.468021658762 207556.2585116882
12025.76468616966 206186.8714614288
12027.05299521203 208011.69177282427
12028.353960765153 207827.1529421135
12029.653386706132 207247.88970332552
12030.954880558338 206814.85017285033
12032.270857032665 205506.61088469412
12033.572634426237 203843.90630269283
12034.87607253662 200340.98925414513
12036.158822918247 191886.30481738033
12037.451591482737 185378.4308380784
12038.750380414416 186779.1545334876
12040.049798330288 190833.0180823066
12041.353012564314 199882.52488715545
12042.655112710117 206894.5200800227
12043.976284191505 206480.17357046503
12045.277533871222 207704.6108553796
12046.576018053627 207550.80876247218
12047.87788518499 206754.6945138661
12049.17831112167 201220.18388120178
12050.476326656242 197683.12919101992
12051.775830611456 201206.92841680255
12053.02355401684 207809.7484273834
12054.323315901514 210823.95894480855
12055.622604721175 212761.220504608
12056.92353386441 213443.69898578606
12058.235671841305 213591.10056014164
12059.58164516913 213530.77242537687
12060.881352050894 212974.25472523883
12062.180713713933 212393.3779695962
12063.482728235982 210466.89845446273
12064.781897366063 208825.94403130363
12066.083002537023 210265.8476504152
12067.38309332174 210503.89788169114
12068.68164759552 210967.4170509291
12069.983481354348 207768.94758380417
12071.282134124724 209174.89189151555
12072.582054645127 208202.55860497642
12073.883685499173 205379.0985483264
12075.183411721498 206963.2273845306
12076.48411828439 210652.3280148276
12077.785353167357 213137.26766115875
12079.086746566947 209009.92929524166
12080.384368722347 209266.2001047544
12081.684159391034 209051.75995999167
12082.984626053092 212837.85691109364
12084.283672196487 213436.4157328621
12085.584923392196 214216.39788431942
12086.884261478635 214827.94348796053
12088.184222644522 215617.24438114773
12089.484271010364 212664.82392615636
12090.785314550278 207998.96243274657
12092.085125016763 209560.67679984454
12093.384550425111 213252.83090470647
12094.685303731534 218035.7579369055
12095.987203053943 217087.11111207618
12097.285039288156 216862.2442315871
12098.585468909338 214434.58460222773
12099.887480302063 212230.43693629734
12101.186456061103 217049.16988897548
12102.486033398276 217272.89884994412
12103.78633177996 220163.61758978764
12105.08420970316 221834.26370608562
12106.3850365692 222298.13134006446
12107.684622767365 219418.78413819594
12108.982426112772 215710.7819745773
12110.284016655349 218759.76844264255
12111.587185188348 216647.10682323918
12112.885565483604 211628.24088939122
12114.18612931593 213685.42763921033
12115.48775424973 214043.64219204482
12116.788063368222 218082.10023910622
12118.083748427072 220760.63143079387
12119.382923147903 221566.32330490125
12120.683317880359 217943.15475128705
12121.981628160396 216737.44749293505
12123.282005945948 214538.972366624
12124.598762510688 219260.71719054074
12125.905154214268 221537.09450689724
12127.223886745405 219983.7857966434
12128.538104121475 221027.3763168746
12129.855941784908 218976.6529340794
12131.133215304233 216351.1591095086
12132.432597267672 225536.1941541634
12133.712797879469 226053.6599407796
12135.003811551016 226038.40732828595
12136.280852884318 224582.5988372468
12137.578356721364 222329.8462479296
12138.880622395402 223706.2457715108
12140.179508445082 224189.8348141636
12141.47799781652 222712.57002781774
12142.779045082496 225275.38483950304
12144.078243572018 225109.68371671208
12145.376523470462 223022.99212496707
12146.67757229552 226122.95296731315
12147.975553098564 224806.7443774164
12149.276495433549 223685.88695884898
12150.576424775363 225686.3970034627
12151.875072961646 227083.90569747167
12153.157680504532 224781.84094902378
12154.444075805173 226822.19604815257
12155.744229532851 228023.32367714666
12157.042787459246 229268.95654149755
12158.357608559538 230238.96402320187
12159.646053718916 230387.78517463166
12160.972518020864 231395.37749162148
12162.271583807797 229855.26262506327
12163.570389859195 228304.08802885062
12164.86700515307 224926.94520207733
12166.172119048506 224244.2277163503
12167.463865752281 223421.66686674085
12168.761844755927 226653.2201082346
12170.061850836772 228975.2067988269
12171.367649657112 230491.1497347588
12172.666548174846 231537.76042938954
12173.969711498912 230947.68636500803
12175.267809989351 232518.7530386317
12176.567439594248 232854.7756622291
12177.865839217906 231121.41361806393
12179.165307291385 230813.8928567666
12180.463654903251 229389.20082886994
12181.764226520196 227714.55245186444
12183.06455439545 229335.52357628054
12184.361340103433 231114.7415250461
12185.66121066929 230650.28346924248
12186.959152971538 229893.7679319837
12188.26189228932 228607.22918023914
12189.560447713158 226918.3853817454
12190.859698496299 226812.93798922026
12192.159471887499 227859.88902407614
12193.457697683705 228992.61726395422
12195.168187406756 230023.0114861212
12196.137030842907 229114.4986477643
12197.383183815284 229551.5305258334
12198.704429719663 230701.97258535627
12200.022221239407 227836.03595215816
12201.322238841767 228430.10525231625
12202.63545280029 228150.39728402914
12203.90786669684 231118.4310625796
12205.579651412447 231957.85244415814
12207.108695727 232517.71320189897
12208.406640569636 234668.19518736066
12209.68877573162 232965.4401997615
12210.965042992379 233202.65608167305
12212.270793956966 232592.0695775855
12213.598748225271 233955.09257832903
12214.902069973878 231014.65499808366
12216.202449635519 229251.1531133927
12217.502198386479 227757.42265814292
12218.800068177776 228913.7085010953
12220.100017930077 231953.89452315652
12221.400940932388 231550.59216066005
12222.699958280107 232729.92148897378
12223.998245679419 230107.50973303206
12225.297211631974 229221.72434272978
12226.591750784995 229189.78849551603
12227.892696167208 230473.41797842213
12229.194877207892 233492.48363702846
12230.49324134968 231426.2551172567
12231.791453968424 233272.5153458291
12233.090042722677 231785.58610641942
12234.390462170577 232762.47616796574
12235.688418447638 231247.40299332168
12236.988465952061 229525.50697726567
12238.287144739154 230594.46586305051
12239.587555929551 232807.42700395267
12240.8861607169 233940.84368460614
12242.185266224304 232296.60134189698
12243.485383983996 232881.75741385887
12244.784096102714 232822.1294396473
12246.082210474815 234304.69301239628
12247.38087709446 233830.42595123127
12248.680914743885 231789.3581215494
12249.980435700232 232151.87029836114
12251.276741898377 233424.26607038066
12252.574644515642 231003.55186096038
12253.877057846348 231637.82518806032
12255.17390970973 233670.92041121726
12256.474819171288 233627.79166718558
12257.773483595403 233545.45587942697
12259.072830240724 232270.57755787135
12260.371785249195 233847.92830394307
12261.668262556364 233303.66010519126
12263.20931303773 234573.801818957
12264.90950195934 233566.98399682605
12266.207748867386 233338.08663520345
12267.506111971685 233355.68707973583
12268.80700210879 231513.85421150536
12270.105599641518 231713.34036126896
12271.405132682208 231818.19389047427
12272.703340755428 233460.57187751812
12274.001486913163 232738.16726797738
12275.300059172678 231415.03570014355
12276.599800967235 234747.74045598716
12277.897779800336 234444.3692107532
12279.197423445778 232622.07293499177
12280.49589320184 234469.46129480848
12281.793326896677 233936.2618997821
12283.089089289953 231854.77997074663
12284.390634922078 234617.73194517748
12285.688357486326 233891.16045723646
12286.990920685826 234350.5092537581
12288.288248245643 231758.10679495035
12289.586336392234 228949.24607357182
12290.887711960491 234672.5695873995
12292.185305008032 234523.267261193
12293.484117615653 232439.12621579418
12294.782136281146 233911.47677126137
12296.073701454594 234419.54609663077
12297.365118163454 235068.64170928887
12298.643480355937 234293.96989551853
12299.921027987966 234283.85994345843
12301.219502638656 235486.17246394022
12302.539073711008 234051.85005759582
12303.869507510304 233968.9400772815
12305.172767902972 235374.83913168852
12306.470935589583 236360.00831495642
12307.771214803659 236460.95174716582
12309.069001895024 236228.23596621878
12310.36899940657 235754.90724802844
12311.667007541559 235690.62878814928
12312.96559734611 235345.69064674346
12314.264558012974 236079.1056241174
12315.561708737394 236928.94939689286
12316.860375777023 236217.62282120794
12318.159796390837 234820.17146280562
12319.458535072128 236814.5027568314
12320.759338655276 236898.65211880833
12322.05548461799 237905.84890791483
12323.355759985312 237683.89863794204
12324.654089137975 233279.46952051
12325.953095835832 231773.49827272128
12327.251685359022 235364.18470636997
12328.551049122441 233770.2247929574
12329.849791734528 236282.538258759
12331.14944849722 235198.3475001382
12332.44598892104 234884.95402761808
12333.757647914299 232503.94834150368
12335.057079787877 231376.15848527505
12336.354362746548 229385.09843867883
12337.657915367692 230708.02102968283
12338.958407123777 232243.7197392468
12340.253444275299 233185.81342009007
12341.535876891721 238098.5752344942
12342.836048504854 237121.21765718696
12344.134106110216 237048.35924233153
12345.433876544854 236873.02403385998
12346.730367969307 236787.58292245297
12348.030515850814 237143.88690956845
12349.328092313574 235945.0967648015
12350.629501126425 235361.6207684963
12351.928773934242 234447.17201186356
12353.225752068229 236954.81919355283
12354.522057848451 234509.50664904475
12355.822498885218 236052.07276026945
12357.119715897168 238162.61739953433
12358.421099308045 238330.29995628496
12359.719603587248 238919.5412883005
12361.016879199371 237774.17899136213
12362.315582914722 237917.820083051
12363.613092131221 238579.77960409367
12364.914791001802 237445.37188319594
12366.211239346561 236743.57526995105
12367.511126616066 236295.95826721188
12368.808011403535 236738.4557743129
12370.106045863933 237746.7137118706
12371.406290617215 237002.61122777837
12372.704900891993 237457.9284527584
12374.00254087125 237529.94259892928
12375.300543514133 238288.36421579093
12376.5991012144 238243.99935140507
12377.899165118397 238436.88590311617
12379.198584065583 236265.93771646504
12380.494707067384 238063.01691854277
12381.794614625767 236580.8623376206
12383.104063891074 237188.44469242162
12384.40150025029 237013.67408867573
12385.688872591893 236620.19696758915
12386.975464310159 237383.27623647428
12388.253780031275 234820.0636560029
12389.588402406513 234922.69703161463
12390.884485783603 237871.72106506006
12392.183042853043 236338.43161087166
12393.481426083194 235706.31776999283
12394.779375805607 236539.61518085454
12396.077387839136 237078.5548805638
12397.375726314085 234734.38988326877
12398.67445852252 234691.9271521623
12399.973446006363 235784.88126659754
12401.272826633258 235762.58425054117
12402.571975463516 232932.3826350637
12403.872784716357 232697.13466539842
12405.169489265609 233747.33272628774
12406.467936712801 234281.20223730808
12407.764970930246 234101.2769727228
12409.06435630632 234547.26993427897
12410.36110755543 235323.33817687663
12411.661157826124 235171.08692359473
12412.958739558606 232928.882622814
12414.257724370662 232620.29232971976
12415.556985881578 232830.51272943613
12416.854592705802 233572.0080273192
12418.153833527938 233165.1450423468
12419.452019626748 232661.06291925875
12420.750146753093 233538.86235081853
12422.048999735753 231420.27037922485
12423.348857966957 233203.22240517888
12424.645050030193 229645.3281424715
12425.945361397553 231320.1765812036
12427.242024161194 231457.98265731175
12428.542119254033 232305.75831033348
12429.841112525863 231458.83645324703
12431.137563805434 230000.91087099124
12432.43588881321 230322.043742994
12433.733809069001 230508.3057244234
12435.033971544442 231447.4263102231
12436.332739236375 229887.09826499168
12437.629018927684 230071.93455158098
12438.931242012704 228966.33448077622
12440.22824745526 229492.0368802574
12441.523618044223 229120.3041571184
12442.826086805204 229233.8285498572
12444.13893555925 228535.54348135708
12445.42033633698 227409.58314617095
12446.71946905373 227844.95421335322
12448.017781161334 229427.2711538408
12449.316700101224 227978.08325554908
12450.61522776637 228662.45558232846
12451.91263463104 227150.72406152694
12453.213742441394 224502.43656508884
12454.510146054077 225148.0050648061
12455.786134565076 226927.34443083368
12457.086212910814 226998.5582192563
12458.390794840301 225566.93692179697
12459.70420066047 226662.84549901815
12461.002138760576 224964.67324655328
12462.300126200547 225622.1295732679
12463.599379836305 223083.87980972815
12464.898062879762 222874.3412092247
12466.194843434947 219108.6545928683
12467.494678401466 220146.308943475
12468.792713263234 220795.4113792292
12470.094271806485 216192.11610038087
12471.384258451024 217826.57502213496
12472.688334154149 221865.61903649743
12473.985357675256 221268.71163621583
12475.284037116851 222193.45536885894
12476.585482850063 221743.833379949
12477.881842157769 221212.78412564506
12479.179777662155 222635.15548632367
12480.47824853708 222690.5391792571
12481.778060700091 219105.17662238478
12483.074767275211 220099.30301137545
12484.375224478177 222951.99466157082
12485.673357921893 221613.3738601988
12486.972076708207 221506.61129943712
12488.269543787857 221255.94065373286
12489.568666599891 220048.49106346638
12490.866869442076 219620.32610435184
12492.164818680283 218276.34797978628
12493.461293512624 217082.3740273152
12494.762626808957 219364.5170394349
12496.061291660555 218848.36262353146
12497.360785367138 219147.04273185055
12498.657635062222 219442.11767849288
12499.956902881902 217973.96837113486
12501.25470179781 218922.71137965872
12502.552102989246 219575.06526234458
12503.851584919554 219753.26100504398
12505.151680044488 219295.23873842793
12506.447953409937 219281.16650806976
12507.74765964809 218589.32098844674
12509.046290647246 218437.06075886756
12510.34386679743 216787.41653544735
12511.644255438028 215778.64952988178
12512.940803913558 217652.43379831084
12514.239183960224 218163.6560358181
12515.537789161235 217151.0269698855
12516.83654812006 218213.4633900464
12518.133271342129 217291.2162482197
12519.434322498813 217594.97522984014
12520.731704209109 218243.58216354976
12522.030850254223 217823.0402639356
12523.32896992751 217272.31957883548
12524.626676394642 215659.87792240703
12525.926066514054 213759.87515634045
12527.224987051019 214141.15047612583
12528.523279493633 215605.39118927662
12529.823523590092 217018.86793933233
12531.120530642695 215901.32341854565
12532.41850508254 217404.1619052263
12533.717422482123 216941.98886392952
12535.015202885445 217669.44262427988
12536.314101541639 217230.7431472812
12537.612800533458 217213.36814535625
12538.912913794293 216119.72363596552
12540.206597935907 211338.73757182097
12541.509174350727 211577.23594847252
12542.806402711845 213736.7830382662
12544.104567150074 215338.28872366322
12545.40287941913 217834.37321417913
12546.704924016043 215284.96524811152
12548.000182042388 218001.54625584433
12549.298689975776 217291.31084745613
12550.597159378895 217216.7376396482
12551.896624461822 218829.7900852227
12553.191924969364 217604.04363289764
12554.491470505882 216799.34568176634
12555.7932785829 215249.88240741912
12557.090105524265 213746.4342558475
12558.387465328793 212315.230926571
12559.686242572003 216864.3914707963
12560.98692827884 215521.011919506
12562.285488034371 216407.7863969461
12563.580880745929 219141.38390727233
12564.880891324476 218375.53924052583
12566.179416185483 218554.62348726057
12567.478208299053 219424.32305346124
12568.77672925388 220284.07258128058
12570.076056499101 218074.71163642764
12571.373251282484 217244.24509210794
12572.670227752436 211197.46942864344
12573.968823827718 207603.6897256381
12575.267985661865 213000.52622791586
12576.567453968004 216123.0943858119
12577.864550913604 220165.00132991007
12579.165170118253 218566.31618899407
12580.464491465384 219736.1997909321
12581.761705458604 221151.16621997175
12583.059219788054 220305.74051081852
12584.358176352112 219970.21671595634
12585.658390283563 220089.49089494834
12586.955829111748 220733.93282742126
12588.254068469258 219626.7553990934
12589.552853438014 214187.16573597817
12590.863303940749 212772.88636778155
12592.170536071977 216119.02981409422
12593.47017353541 219495.94620108407
12594.767563622592 220172.59271124293
12596.047251382453 221070.23026570503
12597.34632638617 218026.0487463732
12598.645046428639 217337.42412023994
12599.939518186837 219650.43435378146
12601.241213238303 221095.28266410073
12602.538778738699 221276.36654409685
12603.837104454726 220047.77641524162
12605.136731232897 219570.98711597495
12606.435427973842 213558.2387492524
12607.731961287358 211214.83406108356
12609.031339926536 213771.8876061913
12610.327874567487 213841.70890873496
12611.628485909083 219652.1157400545
12612.913568338508 219105.99294953456
12614.210109512578 218615.15291695864
12615.50912553735 219309.5753870079
12616.823247763694 217164.67599560667
12618.121366034033 218750.07918407975
12619.4205261246 218190.23304602993
12620.719904183772 216772.1217937201
12622.018838834038 219186.42857721914
12623.317397357476 212395.22525538836
12624.61499753025 208827.84465453366
12625.915425602565 212549.14846963482
12627.212272009725 213395.22738808577
12628.509353908914 215400.9826332547
12629.809795392046 220739.70159045787
12631.109250554266 218638.83142120295
12632.4052163014 217512.98137458533
12633.705435604545 218145.0034636898
12635.002897958482 213207.57782284048
12636.304239490455 216933.1806298051
12637.602799113623 221861.0144885795
12638.900547020174 219510.72648208123
12640.199245336287 216433.57826437312
12641.506241602661 205288.01295898747
12642.801092369793 195833.91581440938
12644.103010774936 207431.6459062226
12645.797557593356 217221.53002406814
12647.352560946789 220761.50123495254
12648.651338909618 218177.61267190892
12649.94905511086 216512.90931458148
12651.247695809998 215550.0761098409
12652.54817052172 218766.80249126628
12653.846143491133 223983.45285740873
12655.144221470604 222924.82652058778
12656.441771278534 219478.08806870418
12657.743351549107 217150.1422109964
12659.041692203076 210110.6827128035
12660.343069457522 204876.3792444809
12661.626273509173 220335.12414207717
12662.925399092539 224705.50645575047
12664.222454433053 224536.4840521119
12665.536550237559 220517.80298904527
12666.834175405078 218335.8903178516
12668.131133939976 216320.29434148705
12669.4294052699 222587.3511179163
12670.731776257198 228334.2466441719
12672.028153276588 229711.316706678
12673.3291462561 227265.57496686667
12674.63821911784 222997.21149059516
12675.937312291324 218030.60885168
12677.231992819829 213432.31500323644
12678.521634907409 226407.9576917185
12679.82279174298 229237.2511412522
12681.13389983983 227278.16710405235
12682.436043281241 215065.78549140514
12683.733542518577 194852.51540745454
12685.034869185303 179197.65329736794
12686.315581435905 162401.7981727737
12687.61320000822 158128.93674399823
12688.91237514787 165327.39524068852
12690.211806141493 178161.21648110106
12691.509556962252 190786.6434811573
12692.807029002273 200913.2248099739
12694.107674469622 208080.15121313697
12695.405922515707 211269.64367178455
12696.70725379561 214076.46677064462
12698.206627093401 220936.74749377673
12699.833357921949 223735.35773984776
12701.100296177432 227317.86522208725
12702.417805089965 228967.51504677295
12703.734990544992 234593.4383958739
12705.035596247671 229564.27522743656
12706.377517908406 233236.3014205418
12707.613753410382 226804.96899246355
12708.413297198973 228628.4620044069
12709.694529255861 226234.3316738191
12710.994573262387 230703.5270122886
12712.28156226432 234356.91762964043
12713.566485943647 235971.37930731315
12714.86631481368 235416.90964222158
12716.168874377512 225585.56147261622
12717.473846539864 226755.7127872751
12718.789745903543 226164.58354963732
12720.08561014586 229423.94696578983
12721.387640660465 233699.09166140354
12722.686262096453 234851.64653154014
12723.986573038565 234802.43454620554
12725.286350651268 232303.42973789977
12726.585134625155 226344.88564024432
12727.881071702028 226576.8839053624
12729.181835843774 224600.61199637776
12730.479353741222 229819.79449825597
12731.802698489346 234079.10163325173
12733.103122985567 234094.34593202051
12734.43455771763 228986.97773287128
12735.733814249788 234719.73535659994
12737.031428681723 229761.20075268552
12738.301939948602 228513.25050947556
12739.609723085892 229017.55562084675
12741.139704514435 229935.26536795305
12742.808455908487 232650.71179164312
12744.10311918669 232138.5980381342
12745.405499903225 227657.1536721705
12746.706417835681 230451.67610191874
12748.00289456945 229506.8972211342
12749.302818305687 229344.41196264286
12750.60129226066 227835.56096185953
12751.899778579755 229918.06402711128
12753.077172783702 231252.49309855117
12753.892724807227 231855.1690124084
12755.209827221493 234894.82497829574
12756.5182874786 232444.0038152746
12757.815909274132 230898.59938783367
12759.113719109931 230241.9851997161
12760.41455078933 228764.7411110284
12761.714630876304 227403.76350981105
12763.238397165827 226211.6454847004
12764.899173122452 229360.97241539354
12766.192776160873 230760.46227388462
12767.490957269323 233870.861295195
12768.790720240184 233905.93394616
12770.08928098384 229957.74322415795
12771.389860631904 228455.93901585342
12772.686503416995 228141.00820519295
12773.983704734503 229220.16914196953
12775.283287765133 230425.2769511951
12776.58615389915 232073.98955226995
12777.883009801399 229823.62250504625
12779.182669162346 234099.1079978274
12780.482993495501 232342.81477286015
12781.78268879394 229386.9131937157
12783.081717551408 227187.93148103985
12784.380428578539 227310.22661514796
12785.68164420816 227913.1974218988
12786.9793513486 230047.41889806403
12788.278229418938 232870.55684928718
12789.576648415237 233377.84889644562
12790.87654805655 231867.66807041972
12792.176876349764 230921.84451807712
12793.475485222943 230608.95185014984
12794.77194788938 229835.9851939067
12796.07567589834 228021.2711614159
12797.37242841646 230177.90053451053
12798.670486876248 231754.36517568058
12799.971127984749 231773.3901832364
12801.270078301115 232270.4068113695
12802.571098064991 229122.48169046475
12803.869525418064 229821.20004988462
12805.16947488897 229528.8134762775
12806.468532564997 229635.3833195404
12807.766694924136 229890.4595946441
12809.067614273714 229327.53348296034
12810.366551666066 230345.91729746663
12811.664684656715 229889.60491901165
12812.961794586998 229414.93756975516
12814.265833559415 229955.31348414588
12815.56382146733 231138.3481478362
12816.863978175768 231710.60432384806
12818.163577914618 230045.7758980186
12819.462959486722 229792.78656211589
12820.761882957755 227264.383786093
12822.05957149321 227831.6507017227
12823.360368544598 229715.63373324284
12824.658697562218 230638.7468257416
12825.956806590037 230865.12391697496
12827.25810317779 231250.0041488968
12828.557681964297 230068.41216815604
12829.854813897215 230716.6558311905
12831.156316915947 230059.68008658724
12832.453846309883 229748.21183554718
12833.754804377968 230022.15455977508
12835.053608755668 230540.81066224177
12836.353450928471 231183.6409385154
12837.653964386633 231253.70703498792
12838.95267235495 230850.51242011966
12840.251218155088 229174.260054786
12841.55335124198 230900.48235951114
12842.851597097999 230214.72929570306
12844.151526517402 230172.4261897605
12845.45183009822 228928.78834033702
12846.750883114317 229891.77653225765
12848.051971400942 228699.94347313725
12849.348040090985 229937.53626729627
12850.649531622834 231389.31269650735
12851.947992443891 230547.1512601098
12853.248106012014 230720.87203621835
12854.549741904008 230478.34006000072
12855.847401269893 230009.6257866628
12857.146184237921 229509.6539202503
12858.447381524562 229732.67282041427
12859.746482529512 230244.552998188
12861.04350831084 229280.7872437547
12862.344772575148 229766.89046336527
12863.645800540424 230533.65105763747
12864.946458350469 231074.64329300608
12866.24276438704 227168.0110229908
12867.545742455703 229384.52562669775
12868.843304078844 229651.88875112904
12870.14430174697 230742.3665031595
12871.444250007375 230344.72610662982
12872.744063044833 230648.52231034165
12874.04296126481 228980.56533627107
12875.342406990145 229518.26323092665
12876.641345507904 230757.9847648244
12877.942505198564 230592.3990744059
12879.24445187756 226998.89801090676
12880.541167844243 229430.73368637837
12881.840622457577 230131.82885753812
12883.141119595848 231238.89402454393
12884.44116750215 229099.49085316376
12885.739797549111 230190.36252105774
12887.040053852008 229662.5776155406
12888.339516359334 228469.19563447204
12889.640058534444 228832.09114130432
12890.939811272936 228861.5591426185
12892.239864005154 229745.64577332014
12893.538890500864 229465.96983916158
12894.838553186843 229627.21162782208
12896.139559796931 230097.40811904825
12897.438707498051 230098.82058817302
12898.737195142001 229531.15039826516
12900.035434302501 229081.8009585581
12901.336992373173 230653.19501876054
12902.6363494502 229578.48023242643
12903.933885807599 228678.35055813057
12905.237279503119 228927.43876248712
12906.537672898565 229563.00726396893
12907.838761065497 229071.86269710373
12909.139866072905 229103.0633626198
12910.438626746825 229359.06033108503
12911.738772666724 230035.87828189673
12913.037005018512 230730.15871805072
12914.341162105478 230616.8132850087
12915.639336183582 230820.80968100936
12916.93894448216 225401.1297126323
12918.237335956066 228340.30316437164
12919.53713419419 229212.62886500076
12920.837976876295 229367.35209314167
12922.13809469097 230493.444655395
12923.436851357608 230341.17743377265
12924.737752048539 227682.9671753215
12926.036841520101 229511.10592416883
12927.336590859468 229484.7663667227
12928.63685333469 229470.20606407
12929.93743156008 229255.6706765485
12931.23674483027 230102.94696784238
12932.537591699896 229848.91833730228
12933.838025426036 228971.6332067615
12935.137490186551 230608.52307407866
12936.436816688793 229877.55138125477
12937.739568129007 227894.85161394122
12939.037784885926 228599.12840587535
12940.338213292625 229540.7337981674
12941.638420620091 228634.83777818392
12942.953245100496 229303.63728087608
12944.271168853962 228873.8601873896
12945.57219755177 230382.17437050084
12946.852121810824 230040.90869583728
12948.138788890883 229649.43058107237
12949.439500510023 228411.2804786787
12950.739756182107 230673.34579482
12952.03906703954 229306.0683536639
12953.340205885057 228951.99552634367
12954.641727488266 230176.8631285893
12955.940669946029 227985.99295756168
12957.238730643552 227213.25183400416
12958.551693365363 228781.91235663652
12959.840032675353 229849.3099648707
12961.131974533391 230311.46968918238
12962.437644095495 226595.47474562528
12963.741669718704 228641.44587251463
12965.042769666463 230391.64328370764
12966.340694593233 229292.88258486884
12967.64123331204 230577.09137101617
12968.944586140386 230156.6875780858
12970.241757827576 231449.7779294808
12971.543597966856 229343.39377837643
12972.843100034326 226082.59815087885
12974.14243537048 224439.08765522874
12975.442029505299 228604.4788672492
12976.744040679665 229609.11842456783
12978.045019326548 230416.14132159532
12979.344150708677 229956.56662749147
12980.64443724216 230420.27547722554
12981.947857284009 229282.5904935148
12983.246969108923 229091.64301033315
12984.54668037668 229589.05194083502
12985.846125598337 228469.42436699942
12987.147396993982 229607.55017785187
12988.447924871023 231058.55548810778
12989.751847291993 229111.4420155717
12991.049697833017 229552.66228519223
12992.351183727047 229324.73101760226
12993.650921621147 227268.16791092075
12994.950823873614 227324.73273345796
12996.252016183398 226999.1628429772
12997.554240555599 227106.9076998938
12998.853747062869 231366.30427132754
13000.151755191488 231012.14745907948
13001.45460298779 231918.52057530967
13002.754973169884 229733.67433348484
13004.053457585791 227567.95215207015
13005.353851418 226644.13978646303
13006.654003514657 228053.0351783793
13007.9555545737 229390.83272158474
13009.257352407249 226436.86521562855
13010.556476995687 228008.43420195946
13011.856411860665 227869.45900546387
13013.159003667886 230162.76733106992
13014.456497951345 228859.07971106152
13015.756465171216 229194.5643954478
13017.060465750366 232407.94527085693
13018.35933933206 230324.76908999946
13019.661596007521 230644.46995413103
13020.961057335786 228580.98327373955
13022.26290080708 227996.23947588296
13023.565123275715 228052.5988700532
13024.866015932555 228198.8306620589
13026.165975310463 228620.7635025442
13027.467164857033 226558.94322907197
13028.765682126874 225830.39583946258
13030.067494600917 230012.06738988735
13031.368213272459 231419.67990926845
13032.669018470848 229468.19955832165
13033.971957341353 223230.54879388877
13035.271387072276 224298.55441897298
13036.5729729893 227416.58538335413
13037.87125378176 227186.80075884334
13039.17376600689 225591.17690595554
13040.473782960577 222185.28444304698
13041.77577575814 216277.19438627537
13043.07498022603 213783.62907497754
13044.37461264563 220065.5907031997
13045.675481958537 224285.6878159559
13046.976507623805 229411.2081456813
13048.27833949788 229550.0554899497
13049.581420511695 229352.5181433526
13050.87988179365 230170.20341520116
13052.17988308728 229072.2762291019
13053.481193804468 227638.26763432665
13054.782246170651 224353.07823577028
13056.079590704263 223719.10913366673
13057.384019052259 226893.78499982497
13058.686308155888 229052.01900676862
13059.986825092485 229459.46754325507
13061.287283849937 228989.23677702018
13062.587420900925 227327.44221935625
13063.888179998656 224015.28315089273
13065.19203460386 214453.01518315513
13066.491262156862 212789.91962054058
13067.792202858576 216196.1596875525
13069.094464589762 219508.47429430566
13070.395550587167 221428.60409444183
13071.69678267399 223833.9898672279
13072.99399613505 224794.46201927357
13074.298091756764 226554.86692215686
13075.5954523772 227852.29872037456
13076.899131552687 225278.36275838682
13078.202910151424 225618.9635387746
13079.50163838531 214354.0212720959
13080.802668500615 211488.9142030223
13082.104089558467 215187.16812891222
13083.40451751837 220484.72998936506
13084.7074368767 225432.5001570696
13086.064045601946 226131.51045906713
13087.365159652389 225947.08987367767
13088.637658631296 222032.5004867397
13089.926944090243 222385.29841397895
13091.18388807502 222015.75324677015
13092.469831774924 225251.39736472996
13093.771687022749 223540.93947876728
13095.07497514075 215702.951969771
13096.358765116194 208981.49145339665
13097.663576575183 208725.59671263437
13098.979632688759 209835.54128871957
13100.325022892273 212623.03685314412
13101.625175972596 219187.77131046448
13102.925356026868 218986.974586386
13104.226453885645 211208.4200072999
13105.526654964562 209065.39919866584
13106.829170551051 212348.10716264832
13108.130606288187 218951.13155159735
13109.433018319005 220351.99362091068
13110.742707090956 222018.71788210116
13112.059033969132 224084.74650086628
13113.335800169101 224033.78422328923
13114.636405134626 224900.3205191493
13115.93830372728 223754.88159315148
13117.23985155427 223882.3401200618
13118.540527241645 224381.9152545428
13119.84363856888 220822.8573030571
13121.144049751978 215629.08887475653
13122.448269654342 213030.51994661975
13123.747351189257 213509.9129106
13125.048532490655 217397.929727278
13126.34971222795 218769.5158819164
13127.651578076126 216714.31028439014
13128.95254201917 211762.65933448568
13130.256100605437 210975.09381087671
13131.556126592352 213972.6305840979
13132.858449431425 217242.2808228842
13134.161780651813 214047.87858902104
13135.463214676305 197105.42100482967
13136.763057093316 191504.59024839758
13138.064660110977 198431.1961865844
13139.365436163662 208111.12467939872
13140.666187583412 214656.2123721867
13141.970021454952 214102.67425303877
13143.273918836292 212751.2339372123
13144.571933105057 212395.1556054576
13145.873641496735 213306.39601570714
13147.175444842436 210280.58077902225
13148.476721901168 208628.93289772302
13149.780001411718 212403.16113289527
13151.082551483121 212992.63293442928
13152.383314282208 212996.71947280256
13153.684053108538 211103.89655011025
13154.984319041941 207297.9313965234
13156.287449042022 206184.17533081697
13157.589817970094 209733.55535210745
13158.89065060563 213714.50039107245
13160.238076061118 216922.4179159337
13161.512204814577 217407.98073373252
13162.806679172922 217285.40985831633
13164.102802466905 214926.18895403072
13165.410871766835 214640.76378404544
13166.711911013335 208864.62091493138
13168.011376119002 197616.7421992934
13169.313204338043 187899.7486735755
13170.638122611103 194592.68450091835
13171.939029875857 204639.01181485486
13173.278040187284 204287.66079723783
13174.548248268517 217773.97458009352
13175.86588906074 216166.8798631525
13177.120597512627 215715.62282095698
13178.46194226691 214971.46344537646
13179.753806813118 216331.3583332146
13181.05757763649 210276.0129835631
13182.33645131015 200838.83992049578
13183.626585401464 201620.62974318242
13184.929601005073 204163.85143724538
13186.231028065153 203344.3540975123
13187.531586635594 201146.7138024214
13188.835482003018 204332.82476673592
13190.13690616063 209205.03297292528
13191.439868165366 209024.33439106794
13192.740069548447 202555.59212999704
13194.043799161122 199790.73262850032
13195.344537631518 204994.77068310566
13196.648132474136 209899.24837651523
13197.952559790514 212187.85116989334
13199.256679004899 199224.30198484065
13200.551566794877 185115.55790482773
13201.855847622752 184784.2402973675
13203.158404842243 188434.0459487848
13204.45922753082 197495.26368878366
13205.762890992173 208669.53848110908
13207.064104333582 214175.3542378261
13208.36712628774 214327.84381431405
13209.669702439422 212420.62305595653
13210.973835122959 209662.5135775754
13212.275944388879 203845.01495099856
13213.574364758011 194287.64312223476
13214.878091648468 197744.06050164934
13216.180188154316 205143.20213844843
13217.481422347853 211975.02577800787
13218.785986865201 213229.21838817297
13220.088443348604 210370.17017582274
13221.388604969088 208792.61013889284
13222.69167589746 207641.77436980326
13223.997634701473 205751.42704007032
13225.30089622552 205999.78255124495
13226.605036573981 205855.88663757915
13227.903336369105 199876.47117698935
13229.203534520926 195239.0889766414
13230.50629356119 188627.9651379783
13231.80887508738 187487.8562159454
13233.110012673307 195144.85639486145
13234.41388901562 202747.11479921473
13235.715292527435 211155.5776901734
13237.018363672774 211296.6880313064
13238.321783275007 205794.01719158815
13239.624143723591 192920.78714495714
13240.924252002827 190457.60827186075
13242.22753403202 191091.95507987592
13243.53190478229 197662.63043994145
13244.832710833496 207711.48725794925
13246.134582455279 210999.09184518387
13247.439159850033 213898.3689982088
13248.739323331436 211307.38439704597
13250.043152158181 212890.43351389293
13251.34698070123 209221.91807846454
13252.648306365012 203370.71054224623
13253.95190626226 200501.16791554863
13255.253571057076 201490.63853422026
13256.555454064915 204722.20671556122
13257.858333624927 205896.51001153016
13259.160565686474 207382.45036854118
13260.465824673396 210255.3313945048
13261.768514070947 207516.27815910018
13263.07182166984 204887.25171534458
13264.374255262868 205737.28509752
13265.676453530465 207420.44999109197
13266.979645589636 208464.7860571089
13268.281067786767 201172.17261985055
13269.583581846395 192697.77812831258
13270.885654905313 190514.5188808906
13272.18963361901 196222.5578414522
13273.490812132804 202213.69936955848
13274.793869144496 206910.20186143403
13276.098084568923 206755.22421384117
13277.399868175957 201268.20349380255
13278.70162478394 201736.4553994879
13280.005291710111 202535.73127963644
13281.311253391917 196675.32955324757
13282.614522416328 183613.71644206182
13283.911732013614 181726.2530276097
13285.216412842801 186674.2089252217
13286.519190990328 181919.88045285334
13287.819013870381 177157.21106292345
13289.1254386976 184806.18352066795
13290.42933988082 183787.2853078912
13291.728287192705 179500.97708131565
13293.031702459843 183955.62232497075
13294.336009677469 194715.0457186536
13295.639127753862 202605.22024271183
13296.945750292034 205336.87378595816
13298.247073358447 204833.23350580595
13299.551008610908 195045.88753067225
13300.850787970798 186169.45623553073
13302.154446303677 186867.7776655709
13303.458883786903 195935.2242905675
13304.761758388786 200764.00274748984
13306.063231495613 199892.15980349228
13307.366153421804 192718.54476550056
13308.671564920976 189768.77044932157
13309.974257721016 188246.7513411262
13311.28107095091 177177.36808591505
13312.577737138565 162141.12124948826
13313.879766067248 162516.207238166
13315.185625745658 173282.32775633005
13316.48974914364 178881.85457651844
13317.793793778712 175128.64696730822
13319.092874720089 171267.69933430612
13320.397555447507 178902.44489972977
13321.701638742436 189935.64458084502
13323.007161929921 179991.73564991483
13324.305738001556 168934.8885639567
13325.60778936204 172035.7628418175
13326.913603738112 185778.99657741506
13328.215326210147 195525.05820976582
13329.521123669392 195611.41111973586
13330.824700738061 197075.9776344819
13332.125036914811 199473.55472169595
13333.430224382078 199513.68396761295
13334.73577475882 190000.17685424746
13336.038818034522 172058.77135818114
13337.339922301808 162724.33499372477
13338.644060710876 163604.285780038
13339.944503242143 169294.88184074283
13341.248476421728 182575.0804091169
13342.554785699876 193554.6692381023
13343.858359315394 200793.94580226138
13345.16121879743 202854.1452930337
13346.466046614745 198115.21682868144
13347.770158050776 183849.34658504804
13349.069471625382 178964.4984902978
13350.373061690765 187196.8088934463
13351.676934419347 196401.58983948428
13353.018029701496 201898.5534351793
13354.369250808588 203772.7165843043
13355.678604527207 194533.78737842533
13357.090137869807 178998.14447659487
13358.403160647787 158577.26246999527
13359.740297874014 147728.73252802546
13361.145225479344 152396.5045611759
13362.444396666328 162890.28445432673
13363.740378400073 178724.57996697546
13364.90267158924 197563.1143818811
13366.122916402624 203455.55874532997
13367.393433927398 202657.94877402345
13368.66551086419 190618.3246235145
13369.967106368093 179233.5734501503
13371.23315597927 176565.7898376252
13372.539788854394 177555.93619808325
13373.839323379618 168630.1921938853
13375.142018668432 171447.44879217295
13376.447978232969 179378.1441110002
13377.754257367671 181440.304344923
13379.052739729395 169276.00697771608
13380.356523305205 170387.19388550162
13381.65977418159 182356.66053055288
13382.95727861616 193926.62337496708
13384.23536232773 198498.52564838712
13385.48786227917 190720.31289476439
13386.79122655478 180162.52521476964
13388.120836460434 181229.74799114082
13389.479880740955 187232.89137876776
13390.81862792279 181973.61712801602
13392.125548491334 168363.7143326685
13393.427654101539 174352.3524370515
13394.70090828873 186644.37739650515
13396.005703162284 194566.87910824324
13397.336837319657 197627.71165319555
13398.634006731554 193931.37298955908
13399.945425158307 175682.81905225402
13401.22196193102 157159.24708035184
13402.55879577777 147198.96459979826
13403.891667475193 138436.432646144
13405.170851617804 146660.25735095507
13406.454000822161 165290.9501774212
13407.737999025601 180446.2433123452
13409.043760429211 189515.52688769504
13410.349141078366 191144.79256983238
13411.656064187997 180776.215646502
13412.9801245508 171381.1065893152
13414.298193572806 163373.08127161
13415.61083814337 155686.46879623007
13416.89835345257 162236.2183120973
13418.173704031073 173886.75529598776
13419.476902208824 180735.2674031583
13420.781346168642 184444.38861690028
13422.085148557115 185023.30738617675
13423.39090576066 187061.6709916784
13424.695391036694 184758.89021694355
13425.99861352016 174292.1295225687
13427.302367943765 168469.3127739922
13428.605963925651 168368.01706932252
13429.910769391225 170633.41990704506
13431.21401052435 168401.60436618008
13432.516432438493 167904.6872053284
13433.82166957927 171959.22583779175
13435.12785318397 175151.91755383942
13436.433557647977 165092.64898857952
13437.73653573438 145479.3714358211
13439.039013864724 124646.45188392742
13440.341233345105 113104.31837134439
13441.645770706331 114881.9701158096
13442.953614382543 118820.0655866788
13444.257809884944 112984.47604365823
13445.560217905015 110929.90622465545
13446.865584184103 113653.29556373284
13448.168601980109 129612.12853063195
13449.471690422959 146492.72579347558
13450.77848801565 157014.13009010427
13452.085110960523 157579.73983710434
13453.391965466975 146151.26642847637
13454.695425395203 126454.21870486638
13455.99652578922 120671.49234694772
13457.304151930764 123899.09978632929
13458.606141258182 123761.52075205039
13459.91452808205 128213.63144559058
13461.216535556347 134524.63185792
13462.536946606378 130527.7010732255
13463.841841283953 113142.77605510876
13465.140353994984 98581.89944852566
13466.429707472349 103978.36604306688
13467.73653744129 116260.41961661864
13469.039826881188 127651.46655912351
13470.346348370062 130413.32286775079
13471.651895940982 125039.10985655368
13472.960533511394 120075.4615183716
13474.265743350707 106588.21124059857
13475.570014372024 77958.11212160326
13476.87129460845 50637.44778912644
13478.18061083118 40897.95485116369
13479.482286858807 49338.069783522966
13480.788883701582 65820.74343791555
13482.089221132495 71897.59763516087
13483.391267672532 59498.48748165782
13484.689647065567 57248.732293343135
13485.99983876536 68363.41198828646
13487.304617320899 69648.25091860339
13488.60317740808 67758.73607747887
13489.909771512774 74347.73275896607
13491.217570308685 76843.30328273808
13492.519560737552 81924.00627949553
13493.825834689584 90108.8708540222
13495.13643290107 95015.97720427102
13496.4427473286 94301.52005091323
13497.748014668896 84093.43755657415
13499.052703727613 74513.5146905069
13500.363479971447 67661.38289987572
13501.67146310313 51359.76317275181
13502.969889048381 36303.903661502896
13504.27318156046 32645.27913618398
13505.570954761915 34978.824784095
13506.874889287943 40612.186167804495
13508.179740657166 48708.12933219402
13509.486634575966 56498.14798774338
13510.79272872607 61468.954335727314
13512.10207077099 57974.01188904854
13513.405690049718 45401.43881976174
13514.707090219801 37114.17813931266
13516.013493612729 31763.179875734055
13517.316036172388 28767.986496446276
13518.616997607218 31505.19935056352
13519.925814091675 41438.46301767709
13521.232924409642 50775.47764364828
13522.54245320859 47415.50229491421
13523.843763813018 35427.43317191914
13525.146587759178 30226.086656416148
13526.453317497491 35466.42218217956
13527.759994915392 39604.501560061704
13529.067156053286 33041.70141426774
13530.366570541457 22094.457771168283
13531.670753478695 18006.432399718702
13532.974325365476 21760.3608352447
13534.286202884758 27316.208094811627
13535.588230805062 26378.724654220714
13536.8893579907 25639.691504633654
13538.197859741644 29278.701193946425
13539.509225711901 28746.001032593063
13540.81114659774 22204.72402594769
13542.112340945765 14302.728691836774
13543.417838719393 11794.138315664353
13544.727485407 10225.47923659367
13546.027691509116 7384.945028534166
13547.337478711266 5128.330655961255
13548.637471755237 3990.0372852481014
13549.944680231414 5537.294204959999
13551.245990266549 8541.45459243012
13552.55644487096 13747.149645070582
13553.865224135252 17761.951144023293
13555.171890272311 16356.167053974465
13556.474409742845 10886.244992562632
13557.773851472703 6135.8932149626635
13559.077599554972 6569.497375428145
13560.386897357022 9742.710533276406
13561.694894648253 11940.026879091234
13562.997870537873 14846.915378566608
13564.30327002119 17729.229960217228
13565.611094168371 19529.009549479644
13566.920573704727 19633.536933904383
13568.226132251237 15727.093782655913
13569.530174890133 9903.629912830638
13570.82876587691 6690.434568328682
13572.136166584593 7669.422817035293
13573.442935035677 9119.768122875625
13574.751611195876 8923.26584597738
13576.056049318939 7075.0531134720095
13577.355832641162 6373.692861332898
13578.662995556306 8718.155239025225
13579.97444637039 10968.572826987749
13581.277116418974 10043.707353550504
13582.58312573108 7039.1778620848745
13583.887393814848 5450.942641974894
13585.19253332951 5963.4938252485645
13586.497657127624 6305.711810122478
13587.80059303855 6822.961658535892
13589.112877062935 8585.133555395732
13590.418177117532 8524.766390256022
13591.717375617776 6852.053577375966
13593.02624768745 5060.195009112468
13594.32986017242 3300.43898400748
13595.635525163749 2397.56135433352
13596.934027249225 2875.0605336032454
13598.238908538193 4481.790386479297
13599.553325535422 6614.812527316041
13600.863437430497 6574.894994469623
13602.169958902312 5840.081549889169
13603.47685551441 5812.673007705316
13604.780655444201 5774.230631402137
13606.093112693205 4644.397610626937
13607.396995973455 3262.964867529574
13608.69877851415 2116.350659076887
13611.309267253888 2283.2505734286624
13612.619824368525 2748.595575154935
13613.927679357223 2391.1783694165683
13615.232196793022 1484.463541252069
13616.532569872375 984.8242029093252
13620.462090805251 1308.5203014710767
13621.76598735013 1422.2181769788194
13623.070206307098 1700.1736045956227
13624.367490350158 2490.983766798341
13625.671004150781 2941.3953172617375
13626.977443125672 3370.198408792888
13628.291066954303 3844.032398216213
13629.606618976934 4588.951182309558
13630.903718506155 5220.357604451674
13632.210954721037 5525.799708652168
13633.513374523001 5155.953017651573
13634.813766380163 5146.70037348363
13636.124963400996 5898.142750382927
13637.429199072365 5959.789847033296
13638.735106545628 5701.934846603663
13640.043413714719 5037.127088437354
13641.346670649385 4542.334771924158
13642.651799237381 4112.217941109999
13643.960625295746 4106.488774472749
13645.262619484407 4058.54055606298
13646.579650470114 3937.5655339217665
13647.890044297685 4185.4541959240005
13649.193531551478 4133.716078812055
13650.498042782478 3806.209938192564
13651.798988993365 4081.126204413442
13653.099772318137 4246.72979143485
13654.408530755527 4666.3431741213035
13655.709670183427 5124.114785406082
13657.02001948595 6059.6980123844805
13658.327882263102 7032.915417619032
13659.637497945427 7177.6598572965195
13660.941137003218 5578.767487188477
13662.274286091772 5202.894027199128
13663.601781889276 6206.316573506333
13664.824671879724 7031.6586165460985
13665.56891413347 6755.879193977713
13666.880274376392 7393.375813077463
13668.161182734886 6980.64013038578
13669.445121901725 6940.350366922657
13670.75168291918 7109.601338251378
13672.061042747968 7745.032349644737
13673.35603762041 7480.267670584713
13674.654944856953 7261.2813449944015
13675.966032381148 6555.805722448422
13678.578557837847 5408.732892108066
13679.88733232896 5935.128259151355
13681.190590755195 7055.056579911397
13682.50083023433 7906.610584765261
13683.804550219564 8423.346600937271
13685.105548139714 8535.602524733118
13686.414197724378 8425.962217734437
13687.71775821562 8131.995322560751
13689.030731358922 7216.455526542845
13690.331030825273 7114.992807118396
13691.650057104624 8169.1345016514015
13692.955318653554 9652.935241673202
13694.262039196265 10655.987701413329
13695.56804992436 10480.921579748923
13696.872311164057 9034.483164088491
13698.176397057445 8647.625964280762
13699.483730493634 9868.691899698335
13700.793386930884 11068.00505828687
13702.099607734992 12031.182772993052
13703.406800062729 12270.70635639759
13704.713515622636 11345.26909380986
13706.017925455011 10741.340281698462
13707.324032133709 11703.080382774808
13708.630238752668 12638.960455481718
13709.934880736013 13674.761732924957
13711.245356516165 13296.46984616995
13715.162194556882 14974.624341286322
13716.46994568116 15247.829301499629
13717.784645147667 16266.561825517087
13719.094724296989 16842.545227018054
13720.397574038201 17166.740901663026
13721.690659806196 16946.298733971897
13723.000892392578 15303.628171658946
13724.307412198936 13159.113539480657
13725.615934440524 14967.158948138824
13726.927272397284 16592.330895961728
13728.211548072852 17028.450757684615
13729.524184202326 15574.417669458842
13730.808277373568 11911.786921180179
13732.101425278464 12264.028919174278
13733.409744591712 15728.62014121414
13734.257030403116 17840.519335242145
13736.712601144713 25159.657946022176
13738.09051093807 18085.7998344874
13739.39526916959 18373.24404361657
13740.704501331329 20895.36832998644
13741.999762994496 22421.589896346155
13743.670949675 20037.483830173715
13745.221519608402 19182.447447042592
13746.533787802355 23142.28410855486
13747.333452690858 25156.34034346665
13748.48733902343 25133.0820555518
13749.79088808823 22430.77745621943
13751.096296299242 23885.485265018193
13752.405280100054 27136.825839373407
13753.714353261515 28923.666609347452
13755.024139322402 28795.78721096148
13756.329750900188 26934.397065855013
13757.638227214547 22734.761155553002
13758.941504434772 19751.36812604609
13760.24773586935 22858.895675640844
13761.556495692235 27058.476688572908
13762.865139864289 26925.298455650434
13764.17223117527 27568.83123586111
13765.487368375907 28183.577291616326
13766.801245825154 27330.720315355167
13768.107084345422 27487.76329931009
